0.0194122 32.11265518 3.95006063 0.976146 0.569244
-0.84808171 32.57721042 3.32917455 0.976345 0.225917
-0.59780395 32.09870583 3.49503652 0.976186 0.319652
0.0194122 32.11265518 3.95006063 0.976146 0.569244
0.90912621 32.57721042 3.32917455 0.465697 0.659061
0.0194122 32.58857762 3.88637325 0.97631 0.225942
-0.59780395 32.09870583 3.49503652 0.976186 0.319652
0.0194122 31.71245596 3.46442025 0.976186 0.415854
0.0194122 32.11265518 3.95006063 0.976146 0.569244
-0.59780395 32.09870583 3.49503652 0.976186 0.319652
-0.80841057 31.86262146 2.73726307 0.976469 0.22631
0.0194122 31.71245596 3.46442025 0.976186 0.415854
0.0194122 31.71245596 3.46442025 0.976186 0.415854
0.65884952 32.09870583 3.56804919 0.465697 0.478906
0.0194122 32.11265518 3.95006063 0.976146 0.569244
0.0194122 32.58857762 3.88637325 0.97631 0.225942
-0.84808171 32.57721042 3.32917455 0.976345 0.225917
0.0194122 32.11265518 3.95006063 0.976146 0.569244
0.0194122 32.58857762 3.88637325 0.97631 0.225942
-0.4037358 33.04400166 4.04309301 0.976469 0.319627
-0.84808171 32.57721042 3.32917455 0.976345 0.225917
0.0194122 32.58857762 3.88637325 0.97631 0.225942
0.44389651 33.04400166 4.04309188 0.356219 0.651071
-0.4037358 33.04400166 4.04309301 0.976469 0.319627
0.0194122 32.58857762 3.88637325 0.97631 0.225942
0.90912621 32.57721042 3.32917455 0.465697 0.659061
0.44389651 33.04400166 4.04309188 0.356219 0.651071
-0.84808171 32.57721042 3.32917455 0.976345 0.225917
-0.80841057 31.86262146 2.73726307 0.976469 0.22631
-0.59780395 32.09870583 3.49503652 0.976186 0.319652
-0.84808171 32.57721042 3.32917455 0.976345 0.225917
-1.92514215 32.870008 1.73396966 0.257272 0.772592
-0.80841057 31.86262146 2.73726307 0.976469 0.22631
-0.80841057 31.86262146 2.73726307 0.976469 0.22631
0.87131469 31.86262146 2.73726307 0.364483 0.776194
0.0194122 31.71245596 3.46442025 0.976186 0.415854
-0.80841057 31.86262146 2.73726307 0.976469 0.22631
0.019079438 31.72907827 1.28990417 0.384758 0.698669
0.87131469 31.86262146 2.73726307 0.364483 0.776194
-0.4037358 33.04400166 4.04309301 0.976469 0.319627
-0.97433486 33.25831493 3.61912351 0.976469 0.415831
-0.84808171 32.57721042 3.32917455 0.976345 0.225917
-0.4037358 33.04400166 4.04309301 0.976469 0.319627
0.0194122 33.33333936 3.78017173 0.976512 0.224645
-0.97433486 33.25831493 3.61912351 0.976469 0.415831
-0.4037358 33.04400166 4.04309301 0.976469 0.319627
0.44389651 33.04400166 4.04309188 0.356219 0.651071
0.0194122 33.33333936 3.78017173 0.976512 0.224645
-0.97433486 33.25831493 3.61912351 0.976469 0.415831
-0.53501601 34.59604674 3.76911001 0.07164 0.66016
-1.60407917 34.80153589 3.46183976 0.086742 0.573915
-0.97433486 33.25831493 3.61912351 0.976469 0.415831
-1.92514215 32.870008 1.73396966 0.257272 0.772592
-0.84808171 32.57721042 3.32917455 0.976345 0.225917
0.0194122 33.33333936 3.78017173 0.976512 0.224645
-0.38668177 33.50105405 4.14932092 0.996195 0.056395
-0.97433486 33.25831493 3.61912351 0.976469 0.415831
0.0194122 33.33333936 3.78017173 0.976512 0.224645
0.42684032 33.50105405 4.14932092 0.334336 0.74867
-0.38668177 33.50105405 4.14932092 0.996195 0.056395
0.0194122 33.33333936 3.78017173 0.976512 0.224645
1.01315818 33.25831493 3.61912351 0.465697 0.681692
0.42684032 33.50105405 4.14932092 0.334336 0.74867
-0.38668177 33.50105405 4.14932092 0.996195 0.056395
-0.51795982 34.16422521 3.95921567 0.000603 0.706596
-0.97433486 33.25831493 3.61912351 0.976469 0.415831
-0.38668177 33.50105405 4.14932092 0.996195 0.056395
0.42684032 33.50105405 4.14932092 0.334336 0.74867
0.0194122 33.97703437 4.12876394 0.000603 0.636429
0.0194122 33.97703437 4.12876394 0.000603 0.636429
-0.51795982 34.16422521 3.95921567 0.000603 0.706596
-0.38668177 33.50105405 4.14932092 0.996195 0.056395
0.0194122 33.97703437 4.12876394 0.000603 0.636429
0.0194122 34.24153043 4.60991158 0.000603 0.843772
-0.51795982 34.16422521 3.95921567 0.000603 0.706596
0.0194122 33.97703437 4.12876394 0.000603 0.636429
0.59590513 34.16422521 3.95921567 0.465697 0.763159
0.0194122 34.24153043 4.60991158 0.000603 0.843772
0.0194122 34.24153043 4.60991158 0.000603 0.843772
-0.47841602 34.28670172 4.19734543 0.001152 0.391916
-0.51795982 34.16422521 3.95921567 0.000603 0.706596
0.0194122 34.24153043 4.60991158 0.000603 0.843772
-0.16495887 34.47036268 4.67709126 0.061457 0.577389
-0.47841602 34.28670172 4.19734543 0.001152 0.391916
0.0194122 34.24153043 4.60991158 0.000603 0.843772
0.20378219 34.47036268 4.67709126 0.465697 0.910348
-0.16495887 34.47036268 4.67709126 0.061457 0.577389
-0.47841602 34.28670172 4.19734543 0.001152 0.391916
-0.26729276 35.92717595 3.58464928 0.069446 0.782788
-0.53501601 34.59604674 3.76911001 0.07164 0.66016
-0.47841602 34.28670172 4.19734543 0.001152 0.391916
-0.53501601 34.59604674 3.76911001 0.07164 0.66016
-0.51795982 34.16422521 3.95921567 0.000603 0.706596
-0.16495887 34.47036268 4.67709126 0.061457 0.577389
-0.26729276 35.92717595 3.58464928 0.069446 0.782788
-0.47841602 34.28670172 4.19734543 0.001152 0.391916
-0.16495887 34.47036268 4.67709126 0.061457 0.577389
0.20378219 34.47036268 4.67709126 0.465697 0.910348
0.0194122 35.96118886 3.85970762 0.066777 0.533129
0.0194122 35.96118886 3.85970762 0.066777 0.533129
-0.26729276 35.92717595 3.58464928 0.069446 0.782788
-0.16495887 34.47036268 4.67709126 0.061457 0.577389
0.0194122 35.96118886 3.85970762 0.066777 0.533129
-0.35327552 36.30473306 3.99579509 0.153458 0.717138
-0.26729276 35.92717595 3.58464928 0.069446 0.782788
0.0194122 35.96118886 3.85970762 0.066777 0.533129
0.0194122 36.40990875 3.95100864 0.164203 0.565383
-0.35327552 36.30473306 3.99579509 0.153458 0.717138
0.0194122 35.96118886 3.85970762 0.066777 0.533129
0.41432002 36.30473306 3.99579509 0.466062 0.336415
0.0194122 36.40990875 3.95100864 0.164203 0.565383
-0.26729276 35.92717595 3.58464928 0.069446 0.782788
-1.03038043 35.55840783 3.51688095 0.133587 0.814493
-0.53501601 34.59604674 3.76911001 0.07164 0.66016
-0.26729276 35.92717595 3.58464928 0.069446 0.782788
-1.03038043 36.18945231 3.6354664 0.137613 0.621154
-1.03038043 35.55840783 3.51688095 0.133587 0.814493
-0.26729276 35.92717595 3.58464928 0.069446 0.782788
-0.35327552 36.30473306 3.99579509 0.153458 0.717138
-1.03038043 36.18945231 3.6354664 0.137613 0.621154
-0.53501601 34.59604674 3.76911001 0.07164 0.66016
-0.97433486 33.25831493 3.61912351 0.976469 0.415831
-0.51795982 34.16422521 3.95921567 0.000603 0.706596
-0.53501601 34.59604674 3.76911001 0.07164 0.66016
-1.03038043 35.55840783 3.51688095 0.133587 0.814493
-1.60407917 34.80153589 3.46183976 0.086742 0.573915
-1.60407917 34.80153589 3.46183976 0.086742 0.573915
-1.92514215 32.870008 1.73396966 0.257272 0.772592
-0.97433486 33.25831493 3.61912351 0.976469 0.415831
-1.60407917 34.80153589 3.46183976 0.086742 0.573915
-2.36934461 34.28040675 1.53241933 0.29477 0.872324
-1.92514215 32.870008 1.73396966 0.257272 0.772592
-1.03038043 35.55840783 3.51688095 0.133587 0.814493
-1.86843414 35.80127942 2.93579821 0.14355 0.599984
-1.60407917 34.80153589 3.46183976 0.086742 0.573915
-1.03038043 36.18945231 3.6354664 0.137613 0.621154
-1.86843414 35.80127942 2.93579821 0.14355 0.599984
-1.03038043 35.55840783 3.51688095 0.133587 0.814493
-1.03038043 36.18945231 3.6354664 0.137613 0.621154
-1.825801 36.64555705 3.48777858 0.240661 0.651427
-1.86843414 35.80127942 2.93579821 0.14355 0.599984
-1.86843414 35.80127942 2.93579821 0.14355 0.599984
-2.36934461 34.28040675 1.53241933 0.29477 0.872324
-1.60407917 34.80153589 3.46183976 0.086742 0.573915
-1.86843414 35.80127942 2.93579821 0.14355 0.599984
-2.55095477 36.08506933 1.77875724 0.295313 0.572839
-2.36934461 34.28040675 1.53241933 0.29477 0.872324
-0.35327552 36.30473306 3.99579509 0.153458 0.717138
-1.825801 36.64555705 3.48777858 0.240661 0.651427
-1.03038043 36.18945231 3.6354664 0.137613 0.621154
-0.35327552 36.30473306 3.99579509 0.153458 0.717138
-1.0517634 38.35911854 3.42557751 0.306576 0.665311
-1.825801 36.64555705 3.48777858 0.240661 0.651427
0.0194122 36.40990875 3.95100864 0.164203 0.565383
0.019079438 38.33672418 3.68352053 0.296235 0.474438
-0.35327552 36.30473306 3.99579509 0.153458 0.717138
0.0194122 36.40990875 3.95100864 0.164203 0.565383
0.41432002 36.30473306 3.99579509 0.466062 0.336415
0.019079438 38.33672418 3.68352053 0.296235 0.474438
-1.825801 36.64555705 3.48777858 0.240661 0.651427
-2.55095477 36.08506933 1.77875724 0.295313 0.572839
-1.86843414 35.80127942 2.93579821 0.14355 0.599984
-1.825801 36.64555705 3.48777858 0.240661 0.651427
-2.21658863 38.03495336 2.43813932 0.307809 0.978944
-2.55095477 36.08506933 1.77875724 0.295313 0.572839
-1.92514215 32.870008 1.73396966 0.257272 0.772592
0.019079438 31.72907827 1.28990417 0.384758 0.698669
-0.80841057 31.86262146 2.73726307 0.976469 0.22631
-1.92514215 32.870008 1.73396966 0.257272 0.772592
-1.33137759 33.72612738 -2.32759992 0.391525 0.584993
0.019079438 31.72907827 1.28990417 0.384758 0.698669
-1.92514215 32.870008 1.73396966 0.257272 0.772592
-2.17317354 34.21763088 -0.79101842 0.432529 0.437215
-1.33137759 33.72612738 -2.32759992 0.391525 0.584993
-2.36934461 34.28040675 1.53241933 0.29477 0.872324
-2.17317354 34.21763088 -0.79101842 0.432529 0.437215
-1.92514215 32.870008 1.73396966 0.257272 0.772592
-2.55095477 36.08506933 1.77875724 0.295313 0.572839
-2.97698863 35.91716103 0.41397729 0.432353 0.58462
-2.36934461 34.28040675 1.53241933 0.29477 0.872324
0.019079438 38.33672418 3.68352053 0.296235 0.474438
-1.0517634 38.35911854 3.42557751 0.306576 0.665311
-0.35327552 36.30473306 3.99579509 0.153458 0.717138
0.019079438 38.33672418 3.68352053 0.296235 0.474438
-0.81966717 38.93704529 3.79239313 0.404448 0.640748
-1.0517634 38.35911854 3.42557751 0.306576 0.665311
0.019079438 38.33672418 3.68352053 0.296235 0.474438
0.88116649 38.93704529 3.79239313 0.46625 1.0
-0.81966717 38.93704529 3.79239313 0.404448 0.640748
-1.0517634 38.35911854 3.42557751 0.306576 0.665311
-2.21658863 38.03495336 2.43813932 0.307809 0.978944
-1.825801 36.64555705 3.48777858 0.240661 0.651427
-1.0517634 38.35911854 3.42557751 0.306576 0.665311
-2.02638911 38.60817778 2.66362046 0.406361 0.672576
-2.21658863 38.03495336 2.43813932 0.307809 0.978944
-2.21658863 38.03495336 2.43813932 0.307809 0.978944
-2.44816351 38.5331692 0.68331631 0.429922 0.791984
-2.55095477 36.08506933 1.77875724 0.295313 0.572839
0.42684032 33.50105405 4.14932092 0.334336 0.74867
0.59590513 34.16422521 3.95921567 0.465697 0.763159
0.0194122 33.97703437 4.12876394 0.000603 0.636429
0.44389651 33.04400166 4.04309188 0.356219 0.651071
1.01315818 33.25831493 3.61912351 0.465697 0.681692
0.0194122 33.33333936 3.78017173 0.976512 0.224645
0.87131469 31.86262146 2.73726307 0.364483 0.776194
0.65884952 32.09870583 3.56804919 0.465697 0.478906
0.0194122 31.71245596 3.46442025 0.976186 0.415854
0.87131469 31.86262146 2.73726307 0.364483 0.776194
0.90912621 32.57721042 3.32917455 0.465697 0.659061
0.65884952 32.09870583 3.56804919 0.465697 0.478906
0.87131469 31.86262146 2.73726307 0.364483 0.776194
1.98664033 32.870008 1.73396966 0.466065 0.910348
0.90912621 32.57721042 3.32917455 0.465697 0.659061
0.019079438 31.72907827 1.28990417 0.384758 0.698669
1.98664033 32.870008 1.73396966 0.466065 0.910348
0.87131469 31.86262146 2.73726307 0.364483 0.776194
-1.33137759 33.72612738 -2.32759992 0.391525 0.584993
1.26025065 33.72495689 -2.32760106 0.394131 0.806599
0.019079438 31.72907827 1.28990417 0.384758 0.698669
-1.33137759 33.72612738 -2.32759992 0.391525 0.584993
0.019079438 35.69730544 -2.94848137 0.465697 0.426984
1.26025065 33.72495689 -2.32760106 0.394131 0.806599
-1.33137759 33.72612738 -2.32759992 0.391525 0.584993
-1.18406803 34.33008263 -3.82784105 0.465697 0.452394
0.019079438 35.69730544 -2.94848137 0.465697 0.426984
-1.33137759 33.72612738 -2.32759992 0.391525 0.584993
-1.42984008 33.13808223 -4.88749179 0.49923 0.437215
-1.18406803 34.33008263 -3.82784105 0.465697 0.452394
-1.33137759 33.72612738 -2.32759992 0.391525 0.584993
-2.97831986 32.81540179 -3.70799847 0.49985 0.58462
-1.42984008 33.13808223 -4.88749179 0.49923 0.437215
1.26025065 33.72495689 -2.32760106 0.394131 0.806599
1.98664033 32.870008 1.73396966 0.466065 0.910348
0.019079438 31.72907827 1.28990417 0.384758 0.698669
1.26025065 33.72495689 -2.32760106 0.394131 0.806599
2.23467399 34.21763088 -0.79101842 0.472537 0.573359
1.98664033 32.870008 1.73396966 0.466065 0.910348
1.26025065 33.72495689 -2.32760106 0.394131 0.806599
2.28638035 35.02084035 -1.50606904 0.478957 0.651931
2.23467399 34.21763088 -0.79101842 0.472537 0.573359
1.26025065 33.72495689 -2.32760106 0.394131 0.806599
2.17471836 33.98251222 -3.41183105 0.482627 0.501876
2.28638035 35.02084035 -1.50606904 0.478957 0.651931
1.26025065 33.72495689 -2.32760106 0.394131 0.806599
2.91175941 32.81540179 -3.70799847 0.508384 0.510233
2.17471836 33.98251222 -3.41183105 0.482627 0.501876
-0.81966717 38.93704529 3.79239313 0.404448 0.640748
-2.02638911 38.60817778 2.66362046 0.406361 0.672576
-1.0517634 38.35911854 3.42557751 0.306576 0.665311
-0.81966717 38.93704529 3.79239313 0.404448 0.640748
-1.38754265 39.2414084 2.98810826 0.413037 0.412988
-2.02638911 38.60817778 2.66362046 0.406361 0.672576
-0.81966717 38.93704529 3.79239313 0.404448 0.640748
0.019079438 39.47845372 3.53724146 0.41876 0.478334
-1.38754265 39.2414084 2.98810826 0.413037 0.412988
-0.81966717 38.93704529 3.79239313 0.404448 0.640748
0.88116649 38.93704529 3.79239313 0.46625 1.0
0.019079438 39.47845372 3.53724146 0.41876 0.478334
-2.02638911 38.60817778 2.66362046 0.406361 0.672576
-2.44816351 38.5331692 0.68331631 0.429922 0.791984
-2.21658863 38.03495336 2.43813932 0.307809 0.978944
-1.38754265 39.2414084 2.98810826 0.413037 0.412988
-1.73504879 39.41153781 0.90472193 0.423375 0.510234
-2.02638911 38.60817778 2.66362046 0.406361 0.672576
0.019079438 39.47845372 3.53724146 0.41876 0.478334
0.019079438 40.03219756 1.32649268 0.420125 0.764235
-1.38754265 39.2414084 2.98810826 0.413037 0.412988
0.019079438 39.47845372 3.53724146 0.41876 0.478334
1.44904196 39.2414084 2.98810826 0.466256 0.561819
0.019079438 40.03219756 1.32649268 0.420125 0.764235
0.019079438 40.03219756 1.32649268 0.420125 0.764235
-1.73504879 39.41153781 0.90472193 0.423375 0.510234
-1.38754265 39.2414084 2.98810826 0.413037 0.412988
0.019079438 40.03219756 1.32649268 0.420125 0.764235
0.019079438 40.01562508 -0.95090848 0.444143 0.569155
-1.73504879 39.41153781 0.90472193 0.423375 0.510234
0.019079438 40.03219756 1.32649268 0.420125 0.764235
1.79654923 39.41153781 0.90472193 0.466585 0.515728
0.019079438 40.01562508 -0.95090848 0.444143 0.569155
-1.73504879 39.41153781 0.90472193 0.423375 0.510234
-2.44816351 38.5331692 0.68331631 0.429922 0.791984
-2.02638911 38.60817778 2.66362046 0.406361 0.672576
-1.73504879 39.41153781 0.90472193 0.423375 0.510234
-1.71642399 39.40583819 -0.98291012 0.445266 0.676016
-2.44816351 38.5331692 0.68331631 0.429922 0.791984
-2.44816351 38.5331692 0.68331631 0.429922 0.791984
-2.97698863 35.91716103 0.41397729 0.432353 0.58462
-2.55095477 36.08506933 1.77875724 0.295313 0.572839
-2.44816351 38.5331692 0.68331631 0.429922 0.791984
-2.45599695 37.37823148 -1.30339689 0.449628 0.501876
-2.97698863 35.91716103 0.41397729 0.432353 0.58462
-2.97698863 35.91716103 0.41397729 0.432353 0.58462
-2.17317354 34.21763088 -0.79101842 0.432529 0.437215
-2.36934461 34.28040675 1.53241933 0.29477 0.872324
-2.97698863 35.91716103 0.41397729 0.432353 0.58462
-2.22488103 35.02084035 -1.50606904 0.435097 0.556802
-2.17317354 34.21763088 -0.79101842 0.432529 0.437215
-2.97698863 35.91716103 0.41397729 0.432353 0.58462
-2.43288603 35.46174077 -1.82607638 0.450547 0.524928
-2.22488103 35.02084035 -1.50606904 0.435097 0.556802
-2.17317354 34.21763088 -0.79101842 0.432529 0.437215
-2.22488103 35.02084035 -1.50606904 0.435097 0.556802
-1.33137759 33.72612738 -2.32759992 0.391525 0.584993
-2.22488103 35.02084035 -1.50606904 0.435097 0.556802
-2.13965099 33.98251222 -3.41183105 0.452803 0.651931
-1.33137759 33.72612738 -2.32759992 0.391525 0.584993
0.019079438 40.01562508 -0.95090848 0.444143 0.569155
-1.71642399 39.40583819 -0.98291012 0.445266 0.676016
-1.73504879 39.41153781 0.90472193 0.423375 0.510234
0.019079438 40.01562508 -0.95090848 0.444143 0.569155
-1.34201499 38.74551882 -2.47768216 0.464481 0.81798
-1.71642399 39.40583819 -0.98291012 0.445266 0.676016
0.019079438 40.01562508 -0.95090848 0.444143 0.569155
1.40351431 38.74551882 -2.47768103 0.487172 0.568413
-1.34201499 38.74551882 -2.47768216 0.464481 0.81798
-1.71642399 39.40583819 -0.98291012 0.445266 0.676016
-2.45599695 37.37823148 -1.30339689 0.449628 0.501876
-2.44816351 38.5331692 0.68331631 0.429922 0.791984
-1.71642399 39.40583819 -0.98291012 0.445266 0.676016
-1.34201499 38.74551882 -2.47768216 0.464481 0.81798
-2.45599695 37.37823148 -1.30339689 0.449628 0.501876
-2.45599695 37.37823148 -1.30339689 0.449628 0.501876
-2.43288603 35.46174077 -1.82607638 0.450547 0.524928
-2.97698863 35.91716103 0.41397729 0.432353 0.58462
-2.45599695 37.37823148 -1.30339689 0.449628 0.501876
-1.6701999 36.19153664 -2.76089749 0.459666 0.57336
-2.43288603 35.46174077 -1.82607638 0.450547 0.524928
-2.45599695 37.37823148 -1.30339689 0.449628 0.501876
-1.34201499 38.74551882 -2.47768216 0.464481 0.81798
-1.6701999 36.19153664 -2.76089749 0.459666 0.57336
-2.43288603 35.46174077 -1.82607638 0.450547 0.524928
-2.13965099 33.98251222 -3.41183105 0.452803 0.651931
-2.22488103 35.02084035 -1.50606904 0.435097 0.556802
-2.43288603 35.46174077 -1.82607638 0.450547 0.524928
-1.6701999 36.19153664 -2.76089749 0.459666 0.57336
-2.13965099 33.98251222 -3.41183105 0.452803 0.651931
-2.13965099 33.98251222 -3.41183105 0.452803 0.651931
-2.97831986 32.81540179 -3.70799847 0.49985 0.58462
-1.33137759 33.72612738 -2.32759992 0.391525 0.584993
-2.13965099 33.98251222 -3.41183105 0.452803 0.651931
-2.72409303 34.11587892 -4.91586625 0.501837 0.791984
-2.97831986 32.81540179 -3.70799847 0.49985 0.58462
-1.6701999 36.19153664 -2.76089749 0.459666 0.57336
-1.18406803 34.33008263 -3.82784105 0.465697 0.452394
-2.13965099 33.98251222 -3.41183105 0.452803 0.651931
-1.34201499 38.74551882 -2.47768216 0.464481 0.81798
0.019079438 37.15867442 -2.99234787 0.46551 1.0
-1.6701999 36.19153664 -2.76089749 0.459666 0.57336
-1.34201499 38.74551882 -2.47768216 0.464481 0.81798
1.40351431 38.74551882 -2.47768103 0.487172 0.568413
0.019079438 37.15867442 -2.99234787 0.46551 1.0
0.019079438 37.15867442 -2.99234787 0.46551 1.0
0.019079438 35.69730544 -2.94848137 0.465697 0.426984
-1.6701999 36.19153664 -2.76089749 0.459666 0.57336
0.019079438 37.15867442 -2.99234787 0.46551 1.0
1.73169922 36.19153664 -2.76089749 0.486495 0.676016
0.019079438 35.69730544 -2.94848137 0.465697 0.426984
0.019079438 37.15867442 -2.99234787 0.46551 1.0
1.40351431 38.74551882 -2.47768103 0.487172 0.568413
1.73169922 36.19153664 -2.76089749 0.486495 0.676016
0.019079438 35.69730544 -2.94848137 0.465697 0.426984
-1.18406803 34.33008263 -3.82784105 0.465697 0.452394
-1.6701999 36.19153664 -2.76089749 0.459666 0.57336
0.019079438 35.69730544 -2.94848137 0.465697 0.426984
1.2191354 34.33008263 -3.82784105 0.497106 0.556801
1.26025065 33.72495689 -2.32760106 0.394131 0.806599
-1.18406803 34.33008263 -3.82784105 0.465697 0.452394
-2.72409303 34.11587892 -4.91586625 0.501837 0.791984
-2.13965099 33.98251222 -3.41183105 0.452803 0.651931
0.65884952 32.09870583 3.56804919 0.465697 0.478906
0.90912621 32.57721042 3.32917455 0.465697 0.659061
0.0194122 32.11265518 3.95006063 0.976146 0.569244
0.90912621 32.57721042 3.32917455 0.465697 0.659061
1.01315818 33.25831493 3.61912351 0.465697 0.681692
0.44389651 33.04400166 4.04309188 0.356219 0.651071
0.90912621 32.57721042 3.32917455 0.465697 0.659061
1.98664033 32.870008 1.73396966 0.466065 0.910348
1.01315818 33.25831493 3.61912351 0.465697 0.681692
1.01315818 33.25831493 3.61912351 0.465697 0.681692
0.59590513 34.16422521 3.95921567 0.465697 0.763159
0.42684032 33.50105405 4.14932092 0.334336 0.74867
1.01315818 33.25831493 3.61912351 0.465697 0.681692
0.59606051 34.59604674 3.76911001 0.465812 0.452395
0.59590513 34.16422521 3.95921567 0.465697 0.763159
1.01315818 33.25831493 3.61912351 0.465697 0.681692
1.98664033 32.870008 1.73396966 0.466065 0.910348
1.66512367 34.80153589 3.46183976 0.465812 0.478907
0.59590513 34.16422521 3.95921567 0.465697 0.763159
0.53946052 34.28670172 4.19734543 0.465697 0.81798
0.0194122 34.24153043 4.60991158 0.000603 0.843772
0.59590513 34.16422521 3.95921567 0.465697 0.763159
0.59606051 34.59604674 3.76911001 0.465812 0.452395
0.53946052 34.28670172 4.19734543 0.465697 0.81798
0.53946052 34.28670172 4.19734543 0.465697 0.81798
0.20378219 34.47036268 4.67709126 0.465697 0.910348
0.0194122 34.24153043 4.60991158 0.000603 0.843772
0.53946052 34.28670172 4.19734543 0.465697 0.81798
0.30611609 35.92717595 3.58464928 0.465812 0.427146
0.20378219 34.47036268 4.67709126 0.465697 0.910348
0.20378219 34.47036268 4.67709126 0.465697 0.910348
0.30611609 35.92717595 3.58464928 0.465812 0.427146
0.0194122 35.96118886 3.85970762 0.066777 0.533129
0.30611609 35.92717595 3.58464928 0.465812 0.427146
0.41432002 36.30473306 3.99579509 0.466062 0.336415
0.0194122 35.96118886 3.85970762 0.066777 0.533129
0.59606051 34.59604674 3.76911001 0.465812 0.452395
0.30611609 35.92717595 3.58464928 0.465812 0.427146
0.53946052 34.28670172 4.19734543 0.465697 0.81798
0.59606051 34.59604674 3.76911001 0.465812 0.452395
1.09142493 35.55840783 3.51688095 0.465812 0.659061
0.30611609 35.92717595 3.58464928 0.465812 0.427146
1.66512367 34.80153589 3.46183976 0.465812 0.478907
0.59606051 34.59604674 3.76911001 0.465812 0.452395
1.01315818 33.25831493 3.61912351 0.465697 0.681692
1.66512367 34.80153589 3.46183976 0.465812 0.478907
1.09142493 35.55840783 3.51688095 0.465812 0.659061
0.59606051 34.59604674 3.76911001 0.465812 0.452395
1.66512367 34.80153589 3.46183976 0.465812 0.478907
1.92947864 35.80127942 2.93579821 0.465812 0.763159
1.09142493 35.55840783 3.51688095 0.465812 0.659061
1.66512367 34.80153589 3.46183976 0.465812 0.478907
2.41113291 34.28040675 1.53241933 0.466141 0.336414
1.92947864 35.80127942 2.93579821 0.465812 0.763159
1.09142493 35.55840783 3.51688095 0.465812 0.659061
1.09142493 36.18945231 3.6354664 0.465812 0.681692
0.30611609 35.92717595 3.58464928 0.465812 0.427146
1.09142493 35.55840783 3.51688095 0.465812 0.659061
1.92947864 35.80127942 2.93579821 0.465812 0.763159
1.09142493 36.18945231 3.6354664 0.465812 0.681692
1.09142493 36.18945231 3.6354664 0.465812 0.681692
0.41432002 36.30473306 3.99579509 0.466062 0.336415
0.30611609 35.92717595 3.58464928 0.465812 0.427146
1.09142493 36.18945231 3.6354664 0.465812 0.681692
1.88684657 36.64555705 3.48777858 0.466065 0.81798
0.41432002 36.30473306 3.99579509 0.466062 0.336415
1.92947864 35.80127942 2.93579821 0.465812 0.763159
1.88684657 36.64555705 3.48777858 0.466065 0.81798
1.09142493 36.18945231 3.6354664 0.465812 0.681692
1.92947864 35.80127942 2.93579821 0.465812 0.763159
2.61245408 36.20631911 1.77875724 0.466141 0.549489
1.88684657 36.64555705 3.48777858 0.466065 0.81798
0.41432002 36.30473306 3.99579509 0.466062 0.336415
1.11326271 38.35911854 3.42557751 0.466141 0.561819
0.019079438 38.33672418 3.68352053 0.296235 0.474438
1.88684657 36.64555705 3.48777858 0.466065 0.81798
1.11326271 38.35911854 3.42557751 0.466141 0.561819
0.41432002 36.30473306 3.99579509 0.466062 0.336415
1.88684657 36.64555705 3.48777858 0.466065 0.81798
2.27808795 38.03495336 2.43813932 0.466249 1.0
1.11326271 38.35911854 3.42557751 0.466141 0.561819
1.98664033 32.870008 1.73396966 0.466065 0.910348
2.41113291 34.28040675 1.53241933 0.466141 0.336414
1.66512367 34.80153589 3.46183976 0.465812 0.478907
1.98664033 32.870008 1.73396966 0.466065 0.910348
2.23467399 34.21763088 -0.79101842 0.472537 0.573359
2.41113291 34.28040675 1.53241933 0.466141 0.336414
2.41113291 34.28040675 1.53241933 0.466141 0.336414
2.61245408 36.20631911 1.77875724 0.466141 0.549489
1.92947864 35.80127942 2.93579821 0.465812 0.763159
2.41113291 34.28040675 1.53241933 0.466141 0.336414
3.03848907 35.91716103 0.41397616 0.472458 0.57336
2.61245408 36.20631911 1.77875724 0.466141 0.549489
2.41113291 34.28040675 1.53241933 0.466141 0.336414
2.23467399 34.21763088 -0.79101842 0.472537 0.573359
3.03848907 35.91716103 0.41397616 0.472458 0.57336
2.61245408 36.20631911 1.77875724 0.466141 0.549489
2.27808795 38.03495336 2.43813932 0.466249 1.0
1.88684657 36.64555705 3.48777858 0.466065 0.81798
2.61245408 36.20631911 1.77875724 0.466141 0.549489
2.50966395 38.5331692 0.68331631 0.4667 0.515728
2.27808795 38.03495336 2.43813932 0.466249 1.0
2.61245408 36.20631911 1.77875724 0.466141 0.549489
3.03848907 35.91716103 0.41397616 0.472458 0.57336
2.50966395 38.5331692 0.68331631 0.4667 0.515728
1.11326271 38.35911854 3.42557751 0.466141 0.561819
0.88116649 38.93704529 3.79239313 0.46625 1.0
0.019079438 38.33672418 3.68352053 0.296235 0.474438
1.11326271 38.35911854 3.42557751 0.466141 0.561819
2.08788843 38.60817778 3.04877408 0.466256 0.549489
0.88116649 38.93704529 3.79239313 0.46625 1.0
2.27808795 38.03495336 2.43813932 0.466249 1.0
2.08788843 38.60817778 3.04877408 0.466256 0.549489
1.11326271 38.35911854 3.42557751 0.466141 0.561819
2.27808795 38.03495336 2.43813932 0.466249 1.0
2.50966395 38.5331692 0.68331631 0.4667 0.515728
2.08788843 38.60817778 3.04877408 0.466256 0.549489
0.88116649 38.93704529 3.79239313 0.46625 1.0
1.44904196 39.2414084 2.98810826 0.466256 0.561819
0.019079438 39.47845372 3.53724146 0.41876 0.478334
2.08788843 38.60817778 3.04877408 0.466256 0.549489
1.44904196 39.2414084 2.98810826 0.466256 0.561819
0.88116649 38.93704529 3.79239313 0.46625 1.0
2.08788843 38.60817778 3.04877408 0.466256 0.549489
1.79654923 39.41153781 0.90472193 0.466585 0.515728
1.44904196 39.2414084 2.98810826 0.466256 0.561819
2.08788843 38.60817778 3.04877408 0.466256 0.549489
2.50966395 38.5331692 0.68331631 0.4667 0.515728
1.79654923 39.41153781 0.90472193 0.466585 0.515728
1.44904196 39.2414084 2.98810826 0.466256 0.561819
1.79654923 39.41153781 0.90472193 0.466585 0.515728
0.019079438 40.03219756 1.32649268 0.420125 0.764235
1.79654923 39.41153781 0.90472193 0.466585 0.515728
1.77792331 39.40583819 -0.98291012 0.481263 0.524928
0.019079438 40.01562508 -0.95090848 0.444143 0.569155
2.50966395 38.5331692 0.68331631 0.4667 0.515728
3.03848907 35.91716103 0.41397616 0.472458 0.57336
2.51749739 37.37823148 -1.30339689 0.481377 0.524928
2.50966395 38.5331692 0.68331631 0.4667 0.515728
1.77792331 39.40583819 -0.98291012 0.481263 0.524928
1.79654923 39.41153781 0.90472193 0.466585 0.515728
2.50966395 38.5331692 0.68331631 0.4667 0.515728
2.51749739 37.37823148 -1.30339689 0.481377 0.524928
1.77792331 39.40583819 -0.98291012 0.481263 0.524928
3.03848907 35.91716103 0.41397616 0.472458 0.57336
2.49438422 35.46174077 -1.82607638 0.482548 0.501876
2.51749739 37.37823148 -1.30339689 0.481377 0.524928
2.23467399 34.21763088 -0.79101842 0.472537 0.573359
2.28638035 35.02084035 -1.50606904 0.478957 0.651931
3.03848907 35.91716103 0.41397616 0.472458 0.57336
2.28638035 35.02084035 -1.50606904 0.478957 0.651931
2.49438422 35.46174077 -1.82607638 0.482548 0.501876
3.03848907 35.91716103 0.41397616 0.472458 0.57336
2.28638035 35.02084035 -1.50606904 0.478957 0.651931
2.17471836 33.98251222 -3.41183105 0.482627 0.501876
2.49438422 35.46174077 -1.82607638 0.482548 0.501876
1.77792331 39.40583819 -0.98291012 0.481263 0.524928
1.40351431 38.74551882 -2.47768103 0.487172 0.568413
0.019079438 40.01562508 -0.95090848 0.444143 0.569155
2.51749739 37.37823148 -1.30339689 0.481377 0.524928
1.40351431 38.74551882 -2.47768103 0.487172 0.568413
1.77792331 39.40583819 -0.98291012 0.481263 0.524928
2.49438422 35.46174077 -1.82607638 0.482548 0.501876
1.73169922 36.19153664 -2.76089749 0.486495 0.676016
2.51749739 37.37823148 -1.30339689 0.481377 0.524928
2.17471836 33.98251222 -3.41183105 0.482627 0.501876
1.73169922 36.19153664 -2.76089749 0.486495 0.676016
2.49438422 35.46174077 -1.82607638 0.482548 0.501876
2.17471836 33.98251222 -3.41183105 0.482627 0.501876
1.2191354 34.33008263 -3.82784105 0.497106 0.556801
1.73169922 36.19153664 -2.76089749 0.486495 0.676016
2.17471836 33.98251222 -3.41183105 0.482627 0.501876
2.65753145 34.11587892 -4.91586625 0.511635 0.764235
1.2191354 34.33008263 -3.82784105 0.497106 0.556801
1.73169922 36.19153664 -2.76089749 0.486495 0.676016
1.40351431 38.74551882 -2.47768103 0.487172 0.568413
2.51749739 37.37823148 -1.30339689 0.481377 0.524928
1.73169922 36.19153664 -2.76089749 0.486495 0.676016
1.2191354 34.33008263 -3.82784105 0.497106 0.556801
0.019079438 35.69730544 -2.94848137 0.465697 0.426984
1.2191354 34.33008263 -3.82784105 0.497106 0.556801
1.3632785 33.13808223 -4.88749179 0.501952 0.791984
1.26025065 33.72495689 -2.32760106 0.394131 0.806599
1.2191354 34.33008263 -3.82784105 0.497106 0.556801
2.65753145 34.11587892 -4.91586625 0.511635 0.764235
1.3632785 33.13808223 -4.88749179 0.501952 0.791984
-1.42984008 33.13808223 -4.88749179 0.49923 0.437215
-2.72409303 34.11587892 -4.91586625 0.501837 0.791984
-1.18406803 34.33008263 -3.82784105 0.465697 0.452394
-2.97831986 32.81540179 -3.70799847 0.49985 0.58462
-2.72409303 34.11587892 -4.91586625 0.501837 0.791984
-1.42984008 33.13808223 -4.88749179 0.49923 0.437215
1.3632785 33.13808223 -4.88749179 0.501952 0.791984
2.91175941 32.81540179 -3.70799847 0.508384 0.510233
1.26025065 33.72495689 -2.32760106 0.394131 0.806599
1.3632785 33.13808223 -4.88749179 0.501952 0.791984
2.65753145 34.11587892 -4.91586625 0.511635 0.764235
2.91175941 32.81540179 -3.70799847 0.508384 0.510233
2.91175941 32.81540179 -3.70799847 0.508384 0.510233
2.65753145 34.11587892 -4.91586625 0.511635 0.764235
2.17471836 33.98251222 -3.41183105 0.482627 0.501876
