-0.034234 13.811943 -2.935953 0.002595 0.391534
2.032698 13.332321 -3.744765 0.003393 0.349137
-0.031667 11.032074 -3.334703 0.092179 0.431346
-0.034234 13.811943 -2.935953 0.002595 0.391534
-2.44599 16.501945 -1.691402 0.127385 0.879981
-0.034234 16.508957 -2.160574 0.011166 0.473325
2.032698 13.332321 -3.744765 0.003393 0.349137
-0.034234 13.811943 -2.935953 0.002595 0.391534
2.99746209 15.00901842 -2.04475418 0.976145 0.569244
2.032698 13.332321 -3.744765 0.003393 0.349137
2.99746209 15.00901842 -2.04475418 0.976145 0.569244
4.860574 10.756317 -3.295544 0.090958 0.099232
-0.034234 16.508957 -2.160574 0.011166 0.473325
2.377521 16.501945 -1.691402 0.016518 0.254506
-0.034234 13.811943 -2.935953 0.002595 0.391534
-0.034234 16.508957 -2.160574 0.011166 0.473325
-0.012967 19.492271 0.242655 0.175245 0.609958
2.377521 16.501945 -1.691402 0.016518 0.254506
2.377521 16.501945 -1.691402 0.016518 0.254506
3.729083 17.367805 0.24989 0.017583 0.027151
4.940753 14.267654 0.242655 0.016793 0.064777
2.377521 16.501945 -1.691402 0.016518 0.254506
-0.012967 19.492271 0.242655 0.175245 0.609958
3.729083 17.367805 0.24989 0.017583 0.027151
2.377521 16.501945 -1.691402 0.016518 0.254506
2.99746209 15.00901842 -2.04475418 0.976145 0.569244
-0.034234 13.811943 -2.935953 0.002595 0.391534
4.940753 14.267654 0.242655 0.016793 0.064777
2.707521 17.139946 2.042524 0.058903 0.835505
2.937115 14.905655 2.260695 0.033017 0.600178
4.940753 14.267654 0.242655 0.016793 0.064777
5.807011 10.767479 0.415273 0.380404 0.609958
4.860574 10.756317 -3.295544 0.090958 0.099232
4.940753 14.267654 0.242655 0.016793 0.064777
3.982255 10.7276 2.033164 0.404292 0.470879
5.807011 10.767479 0.415273 0.380404 0.609958
4.940753 14.267654 0.242655 0.016793 0.064777
2.99746209 15.00901842 -2.04475418 0.976145 0.569244
2.377521 16.501945 -1.691402 0.016518 0.254506
3.729083 17.367805 0.24989 0.017583 0.027151
2.707521 17.139946 2.042524 0.058903 0.835505
4.940753 14.267654 0.242655 0.016793 0.064777
3.729083 17.367805 0.24989 0.017583 0.027151
-0.012967 19.492271 0.242655 0.175245 0.609958
2.707521 17.139946 2.042524 0.058903 0.835505
2.937115 14.905655 2.260695 0.033017 0.600178
1.934544 12.171364 2.659445 0.052181 0.707949
4.940753 14.267654 0.242655 0.016793 0.064777
2.937115 14.905655 2.260695 0.033017 0.600178
-0.034234 13.811943 3.728196 0.080261 0.347532
1.934544 12.171364 2.659445 0.052181 0.707949
1.934544 12.171364 2.659445 0.052181 0.707949
2.068254 10.45417 2.671164 0.088161 0.205395
4.940753 14.267654 0.242655 0.016793 0.064777
2.707521 17.139946 2.042524 0.058903 0.835505
-0.034234 13.811943 3.728196 0.080261 0.347532
2.937115 14.905655 2.260695 0.033017 0.600178
2.707521 17.139946 2.042524 0.058903 0.835505
-0.034234 17.048805 3.142943 0.088077 0.302421
-0.034234 13.811943 3.728196 0.080261 0.347532
2.707521 17.139946 2.042524 0.058903 0.835505
-0.012967 19.492271 0.242655 0.175245 0.609958
-0.034234 17.048805 3.142943 0.088077 0.302421
-0.034234 13.811943 3.728196 0.080261 0.347532
-0.031667 10.986504 3.261762 0.086458 0.470879
1.934544 12.171364 2.659445 0.052181 0.707949
-0.034234 13.811943 3.728196 0.080261 0.347532
-2.003012 12.171364 2.659445 0.138144 0.129149
-0.031667 10.986504 3.261762 0.086458 0.470879
-0.034234 13.811943 3.728196 0.080261 0.347532
-3.005584 14.905655 2.260695 0.139026 0.347535
-2.003012 12.171364 2.659445 0.138144 0.129149
-0.034234 13.811943 3.728196 0.080261 0.347532
-2.775989 17.139946 2.042524 0.139384 0.431346
-3.005584 14.905655 2.260695 0.139026 0.347535
-0.031667 10.986504 3.261762 0.086458 0.470879
2.068254 10.45417 2.671164 0.088161 0.205395
1.934544 12.171364 2.659445 0.052181 0.707949
-0.031667 10.986504 3.261762 0.086458 0.470879
0.474774 9.003494 0.415273 0.090682 0.388834
2.068254 10.45417 2.671164 0.088161 0.205395
-0.031667 10.986504 3.261762 0.086458 0.470879
-0.541267 9.003494 0.415273 0.154302 0.168513
0.474774 9.003494 0.415273 0.090682 0.388834
-0.034234 17.048805 3.142943 0.088077 0.302421
-2.775989 17.139946 2.042524 0.139384 0.431346
-0.034234 13.811943 3.728196 0.080261 0.347532
-0.034234 17.048805 3.142943 0.088077 0.302421
-0.012967 19.492271 0.242655 0.175245 0.609958
-2.775989 17.139946 2.042524 0.139384 0.431346
2.068254 10.45417 2.671164 0.088161 0.205395
3.982255 10.7276 2.033164 0.404292 0.470879
4.940753 14.267654 0.242655 0.016793 0.064777
2.068254 10.45417 2.671164 0.088161 0.205395
1.559374 5.427879 3.18764 0.437536 0.618108
3.982255 10.7276 2.033164 0.404292 0.470879
0.474774 9.003494 0.415273 0.090682 0.388834
-0.031667 11.032074 -3.334703 0.092179 0.431346
0.787191 10.020798 -4.248402 0.091837 0.059396
0.474774 9.003494 0.415273 0.090682 0.388834
-0.541267 9.003494 0.415273 0.154302 0.168513
-0.031667 11.032074 -3.334703 0.092179 0.431346
0.474774 9.003494 0.415273 0.090682 0.388834
1.559374 5.427879 -3.508807 0.312438 0.07111
0.262107 4.84305 0.216417 0.3124 0.026741
0.474774 9.003494 0.415273 0.090682 0.388834
1.54988 9.046829 -3.151959 0.334829 0.169369
1.559374 5.427879 -3.508807 0.312438 0.07111
0.474774 9.003494 0.415273 0.090682 0.388834
1.559374 5.427879 3.18764 0.437536 0.618108
2.068254 10.45417 2.671164 0.088161 0.205395
4.860574 10.756317 -3.295544 0.090958 0.099232
2.540154 11.456768 -4.145512 0.091837 0.02753
2.032698 13.332321 -3.744765 0.003393 0.349137
4.860574 10.756317 -3.295544 0.090958 0.099232
0.787191 10.020798 -4.248402 0.091837 0.059396
2.540154 11.456768 -4.145512 0.091837 0.02753
4.860574 10.756317 -3.295544 0.090958 0.099232
3.982255 8.926201 -2.695832 0.347303 0.7347
0.787191 10.020798 -4.248402 0.091837 0.059396
4.860574 10.756317 -3.295544 0.090958 0.099232
5.807011 10.767479 0.415273 0.380404 0.609958
3.982255 8.926201 -2.695832 0.347303 0.7347
4.860574 10.756317 -3.295544 0.090958 0.099232
2.99746209 15.00901842 -2.04475418 0.976145 0.569244
4.940753 14.267654 0.242655 0.016793 0.064777
2.540154 11.456768 -4.145512 0.091837 0.02753
0.787191 10.020798 -4.248402 0.091837 0.059396
2.032698 13.332321 -3.744765 0.003393 0.349137
0.787191 10.020798 -4.248402 0.091837 0.059396
-0.031667 11.032074 -3.334703 0.092179 0.431346
2.032698 13.332321 -3.744765 0.003393 0.349137
0.787191 10.020798 -4.248402 0.091837 0.059396
1.54988 9.046829 -3.151959 0.334829 0.169369
0.474774 9.003494 0.415273 0.090682 0.388834
0.787191 10.020798 -4.248402 0.091837 0.059396
3.982255 8.926201 -2.695832 0.347303 0.7347
1.54988 9.046829 -3.151959 0.334829 0.169369
-0.031667 11.032074 -3.334703 0.092179 0.431346
-2.101167 13.332321 -3.744764 0.117727 0.618108
-0.034234 13.811943 -2.935953 0.002595 0.391534
-0.031667 11.032074 -3.334703 0.092179 0.431346
-0.853683 10.020798 -4.248401 0.174782 0.609958
-2.101167 13.332321 -3.744764 0.117727 0.618108
-2.101167 13.332321 -3.744764 0.117727 0.618108
-3.305584 15.00901842 -2.04475418 0.123321 0.72588
-0.034234 13.811943 -2.935953 0.002595 0.391534
-2.101167 13.332321 -3.744764 0.117727 0.618108
-4.927068 10.756317 -3.295544 0.168611 0.302388
-3.305584 15.00901842 -2.04475418 0.123321 0.72588
-2.101167 13.332321 -3.744764 0.117727 0.618108
-2.608624 11.456768 -4.145512 0.168653 0.205395
-4.927068 10.756317 -3.295544 0.168611 0.302388
-2.101167 13.332321 -3.744764 0.117727 0.618108
-0.853683 10.020798 -4.248401 0.174782 0.609958
-2.608624 11.456768 -4.145512 0.168653 0.205395
-3.305584 15.00901842 -2.04475418 0.123321 0.72588
-2.44599 16.501945 -1.691402 0.127385 0.879981
-0.034234 13.811943 -2.935953 0.002595 0.391534
-3.305584 15.00901842 -2.04475418 0.123321 0.72588
-5.007246 14.267654 0.242655 0.131294 0.168513
-2.44599 16.501945 -1.691402 0.127385 0.879981
-3.305584 15.00901842 -2.04475418 0.123321 0.72588
-4.927068 10.756317 -3.295544 0.168611 0.302388
-5.007246 14.267654 0.242655 0.131294 0.168513
-2.44599 16.501945 -1.691402 0.127385 0.879981
-0.012967 19.492271 0.242655 0.175245 0.609958
-0.034234 16.508957 -2.160574 0.011166 0.473325
-5.007246 14.267654 0.242655 0.131294 0.168513
-3.79755 17.367805 0.24989 0.131507 0.388834
-2.44599 16.501945 -1.691402 0.127385 0.879981
-5.007246 14.267654 0.242655 0.131294 0.168513
-2.775989 17.139946 2.042524 0.139384 0.431346
-3.79755 17.367805 0.24989 0.131507 0.388834
-5.007246 14.267654 0.242655 0.131294 0.168513
-2.134747 10.45417 2.671164 0.146261 0.470879
-2.003012 12.171364 2.659445 0.138144 0.129149
-5.007246 14.267654 0.242655 0.131294 0.168513
-4.046772 10.7276 2.033163 0.730221 0.564122
-2.134747 10.45417 2.671164 0.146261 0.470879
-3.79755 17.367805 0.24989 0.131507 0.388834
-0.012967 19.492271 0.242655 0.175245 0.609958
-2.44599 16.501945 -1.691402 0.127385 0.879981
-2.003012 12.171364 2.659445 0.138144 0.129149
-3.005584 14.905655 2.260695 0.139026 0.347535
-5.007246 14.267654 0.242655 0.131294 0.168513
-2.003012 12.171364 2.659445 0.138144 0.129149
-2.134747 10.45417 2.671164 0.146261 0.470879
-0.031667 10.986504 3.261762 0.086458 0.470879
-3.005584 14.905655 2.260695 0.139026 0.347535
-2.775989 17.139946 2.042524 0.139384 0.431346
-5.007246 14.267654 0.242655 0.131294 0.168513
-2.775989 17.139946 2.042524 0.139384 0.431346
-0.012967 19.492271 0.242655 0.175245 0.609958
-3.79755 17.367805 0.24989 0.131507 0.388834
-2.134747 10.45417 2.671164 0.146261 0.470879
-0.541267 9.003494 0.415273 0.154302 0.168513
-0.031667 10.986504 3.261762 0.086458 0.470879
-2.134747 10.45417 2.671164 0.146261 0.470879
-1.62389 5.427879 3.18764 0.730333 0.564171
-0.541267 9.003494 0.415273 0.154302 0.168513
-0.541267 9.003494 0.415273 0.154302 0.168513
-0.853683 10.020798 -4.248401 0.174782 0.609958
-0.031667 11.032074 -3.334703 0.092179 0.431346
-0.541267 9.003494 0.415273 0.154302 0.168513
-0.326623 4.84305 0.216417 0.651085 0.981023
-1.62389 5.427879 -3.508807 0.650714 0.432621
-0.541267 9.003494 0.415273 0.154302 0.168513
-1.614396 9.046829 -3.151959 0.651123 0.355969
-0.853683 10.020798 -4.248401 0.174782 0.609958
-0.541267 9.003494 0.415273 0.154302 0.168513
-1.62389 5.427879 3.18764 0.730333 0.564171
-0.326623 4.84305 0.216417 0.651085 0.981023
-4.927068 10.756317 -3.295544 0.168611 0.302388
-5.871526 10.767479 0.415273 0.718689 0.476462
-5.007246 14.267654 0.242655 0.131294 0.168513
-2.608624 11.456768 -4.145512 0.168653 0.205395
-0.853683 10.020798 -4.248401 0.174782 0.609958
-4.927068 10.756317 -3.295544 0.168611 0.302388
-0.853683 10.020798 -4.248401 0.174782 0.609958
-4.046771 8.926201 -2.695832 0.677882 0.5639
-4.927068 10.756317 -3.295544 0.168611 0.302388
2.832129 -20.217865 -1.12191492 0.176655 0.02753
2.220977 -20.217865 0.36570908 0.180201 0.888364
2.861437 -21.323149 -1.04315692 0.176655 0.070321
2.832129 -20.217865 -1.12191492 0.176655 0.02753
2.887324 -15.565693 0.18241832 0.522299 0.429517
2.220977 -20.217865 0.36570908 0.180201 0.888364
2.861437 -21.323149 -1.04315692 0.176655 0.070321
2.220977 -20.217865 -2.82008092 0.179227 0.888364
2.832129 -20.217865 -1.12191492 0.176655 0.02753
2.861437 -21.323149 -1.04315692 0.176655 0.070321
1.762659 -22.244715 -3.02804592 0.190729 0.12711
2.220977 -20.217865 -2.82008092 0.179227 0.888364
2.861437 -21.323149 -1.04315692 0.176655 0.070321
1.762659 -24.18761421 -3.02269492 0.220459 0.389403
1.762659 -22.244715 -3.02804592 0.190729 0.12711
2.861437 -21.323149 -1.04315692 0.176655 0.070321
3.35766 -22.839157 -0.49885492 0.230201 0.168513
1.762659 -24.18761421 -3.02269492 0.220459 0.389403
2.861437 -21.323149 -1.04315692 0.176655 0.070321
1.727215 -21.268715 0.99067108 0.251052 0.168513
3.35766 -22.839157 -0.49885492 0.230201 0.168513
2.220977 -20.217865 -2.82008092 0.179227 0.888364
2.887324 -15.565693 -3.54315168 0.521885 0.571701
2.832129 -20.217865 -1.12191492 0.176655 0.02753
2.220977 -20.217865 0.36570908 0.180201 0.888364
1.727215 -21.268715 0.99067108 0.251052 0.168513
2.861437 -21.323149 -1.04315692 0.176655 0.070321
2.220977 -20.217865 0.36570908 0.180201 0.888364
2.887324 -15.565693 0.18241832 0.522299 0.429517
1.513328 -20.217865 0.36570908 0.219629 0.345814
1.762659 -22.244715 -3.02804592 0.190729 0.12711
1.513328 -20.217865 -2.82008092 0.192766 0.168513
2.220977 -20.217865 -2.82008092 0.179227 0.888364
1.762659 -22.244715 -3.02804592 0.190729 0.12711
0.344882 -21.323153 -1.04315692 0.194173 0.76337
1.513328 -20.217865 -2.82008092 0.192766 0.168513
1.762659 -22.244715 -3.02804592 0.190729 0.12711
1.762659 -24.18761421 -3.02269492 0.220459 0.389403
0.344882 -21.323153 -1.04315692 0.194173 0.76337
1.513328 -20.217865 -2.82008092 0.192766 0.168513
2.887324 -15.565693 -3.54315168 0.521885 0.571701
2.220977 -20.217865 -2.82008092 0.179227 0.888364
0.344882 -21.323153 -1.04315692 0.194173 0.76337
0.516188 -20.217865 -1.12191492 0.19523 0.76337
1.513328 -20.217865 -2.82008092 0.192766 0.168513
0.344882 -21.323153 -1.04315692 0.194173 0.76337
1.513328 -20.217865 0.36570908 0.219629 0.345814
0.516188 -20.217865 -1.12191492 0.19523 0.76337
0.344882 -21.323153 -1.04315692 0.194173 0.76337
1.727215 -21.268715 0.99067108 0.251052 0.168513
1.513328 -20.217865 0.36570908 0.219629 0.345814
0.516188 -20.217865 -1.12191492 0.19523 0.76337
0.715087 -17.029861 -1.68036768 0.501586 0.473325
1.513328 -20.217865 -2.82008092 0.192766 0.168513
1.513328 -20.217865 0.36570908 0.219629 0.345814
1.727215 -21.268715 0.99067108 0.251052 0.168513
2.220977 -20.217865 0.36570908 0.180201 0.888364
1.513328 -20.217865 0.36570908 0.219629 0.345814
0.715087 -17.029861 -1.68036768 0.501586 0.473325
0.516188 -20.217865 -1.12191492 0.19523 0.76337
1.513328 -20.217865 0.36570908 0.219629 0.345814
1.830448 -15.582394 0.18241832 0.523436 0.600178
0.715087 -17.029861 -1.68036768 0.501586 0.473325
1.762659 -24.18761421 -3.02269492 0.220459 0.389403
0.310418 -22.840923 -0.50032992 0.247259 0.996899
0.344882 -21.323153 -1.04315692 0.194173 0.76337
1.762659 -24.18761421 -3.02269492 0.220459 0.389403
0.344882 -24.18761421 -0.50180592 0.250617 0.889587
0.310418 -22.840923 -0.50032992 0.247259 0.996899
3.35766 -22.839157 -0.49885492 0.230201 0.168513
3.215882 -24.18761421 -0.49885492 0.24224 0.288014
1.762659 -24.18761421 -3.02269492 0.220459 0.389403
3.35766 -22.839157 -0.49885492 0.230201 0.168513
3.215881 -24.18761021 2.33673308 0.242282 0.235341
3.215882 -24.18761421 -0.49885492 0.24224 0.288014
3.35766 -22.839157 -0.49885492 0.230201 0.168513
3.35766 -23.130823 2.33673308 0.244207 0.093444
3.215881 -24.18761021 2.33673308 0.242282 0.235341
3.35766 -22.839157 -0.49885492 0.230201 0.168513
1.76364 -22.067366 2.37070208 0.251022 0.169369
3.35766 -23.130823 2.33673308 0.244207 0.093444
3.35766 -22.839157 -0.49885492 0.230201 0.168513
1.727215 -21.268715 0.99067108 0.251052 0.168513
1.76364 -22.067366 2.37070208 0.251022 0.169369
3.215882 -24.18761421 -0.49885492 0.24224 0.288014
0.344882 -24.18761421 -0.50180592 0.250617 0.889587
1.762659 -24.18761421 -3.02269492 0.220459 0.389403
3.215881 -24.18761021 2.33673308 0.242282 0.235341
0.344882 -24.18761421 -0.50180592 0.250617 0.889587
3.215882 -24.18761421 -0.49885492 0.24224 0.288014
3.35766 -23.130823 2.33673308 0.244207 0.093444
2.329771 -24.19774221 4.93051008 0.244345 0.026741
3.215881 -24.18761021 2.33673308 0.242282 0.235341
3.35766 -23.130823 2.33673308 0.244207 0.093444
2.400659 -22.987154 5.07228808 0.244786 0.02753
2.329771 -24.19774221 4.93051008 0.244345 0.026741
3.35766 -23.130823 2.33673308 0.244207 0.093444
1.76364 -22.067366 2.37070208 0.251022 0.169369
2.400659 -22.987154 5.07228808 0.244786 0.02753
2.329771 -24.19774221 4.93051008 0.244345 0.026741
0.345862 -24.18938421 2.33525808 0.24696 0.475992
3.215881 -24.18761021 2.33673308 0.242282 0.235341
2.400659 -22.987154 5.07228808 0.244786 0.02753
0.735752 -22.988924 5.07081408 0.244925 0.092589
2.329771 -24.19774221 4.93051008 0.244345 0.026741
2.400659 -22.987154 5.07228808 0.244786 0.02753
1.76364 -22.067366 2.37070208 0.251022 0.169369
0.735752 -22.988924 5.07081408 0.244925 0.092589
0.735752 -22.988924 5.07081408 0.244925 0.092589
0.771196 -24.19950821 4.92903608 0.246496 0.475992
2.329771 -24.19774221 4.93051008 0.244345 0.026741
0.735752 -22.988924 5.07081408 0.244925 0.092589
0.310418 -23.132589 2.33525808 0.246878 0.996899
0.771196 -24.19950821 4.92903608 0.246496 0.475992
0.735752 -22.988924 5.07081408 0.244925 0.092589
1.76364 -22.067366 2.37070208 0.251022 0.169369
0.310418 -23.132589 2.33525808 0.246878 0.996899
0.771196 -24.19950821 4.92903608 0.246496 0.475992
0.345862 -24.18938421 2.33525808 0.24696 0.475992
2.329771 -24.19774221 4.93051008 0.244345 0.026741
0.310418 -23.132589 2.33525808 0.246878 0.996899
0.345862 -24.18938421 2.33525808 0.24696 0.475992
0.771196 -24.19950821 4.92903608 0.246496 0.475992
0.310418 -23.132589 2.33525808 0.246878 0.996899
0.310418 -22.840923 -0.50032992 0.247259 0.996899
0.345862 -24.18938421 2.33525808 0.24696 0.475992
0.310418 -23.132589 2.33525808 0.246878 0.996899
1.76364 -22.067366 2.37070208 0.251022 0.169369
0.310418 -22.840923 -0.50032992 0.247259 0.996899
0.345862 -24.18938421 2.33525808 0.24696 0.475992
0.344882 -24.18761421 -0.50180592 0.250617 0.889587
3.215881 -24.18761021 2.33673308 0.242282 0.235341
0.310418 -22.840923 -0.50032992 0.247259 0.996899
0.344882 -24.18761421 -0.50180592 0.250617 0.889587
0.345862 -24.18938421 2.33525808 0.24696 0.475992
0.310418 -22.840923 -0.50032992 0.247259 0.996899
1.727215 -21.268715 0.99067108 0.251052 0.168513
0.344882 -21.323153 -1.04315692 0.194173 0.76337
1.76364 -22.067366 2.37070208 0.251022 0.169369
1.727215 -21.268715 0.99067108 0.251052 0.168513
0.310418 -22.840923 -0.50032992 0.247259 0.996899
0.664775 -2.809587 -1.233584 0.257883 0.769891
1.549358 -2.889338 0.612618 0.407164 0.347539
0.262107 1.327938 -0.512726 0.260994 0.600178
0.664775 -2.809587 -1.233584 0.257883 0.769891
1.611759 -4.178782 0.96087 0.469424 0.065567
1.549358 -2.889338 0.612618 0.407164 0.347539
0.664775 -2.809587 -1.233584 0.257883 0.769891
0.625273 -5.477316 -1.556726 0.469462 0.121546
1.611759 -4.178782 0.96087 0.469424 0.065567
0.262107 1.327938 -0.512726 0.260994 0.600178
1.549358 -2.889338 -3.079785 0.296366 0.169369
0.664775 -2.809587 -1.233584 0.257883 0.769891
0.262107 1.327938 -0.512726 0.260994 0.600178
1.612541 1.912769 -3.541949 0.298402 0.127965
1.549358 -2.889338 -3.079785 0.296366 0.169369
0.262107 1.327938 -0.512726 0.260994 0.600178
1.559374 5.427879 -3.508807 0.312438 0.07111
1.612541 1.912769 -3.541949 0.298402 0.127965
0.262107 1.327938 -0.512726 0.260994 0.600178
1.559374 5.427879 3.18764 0.437536 0.618108
0.262107 4.84305 0.216417 0.3124 0.026741
1.549358 -2.889338 -3.079785 0.296366 0.169369
0.625273 -5.477316 -1.556726 0.469462 0.121546
0.664775 -2.809587 -1.233584 0.257883 0.769891
1.549358 -2.889338 -3.079785 0.296366 0.169369
1.735572 -6.912527 -3.512477 0.493014 0.391534
0.625273 -5.477316 -1.556726 0.469462 0.121546
1.612541 1.912769 -3.541949 0.298402 0.127965
3.951874 1.646938 -3.541949 0.335484 0.473843
1.549358 -2.889338 -3.079785 0.296366 0.169369
0.262107 4.84305 0.216417 0.3124 0.026741
1.559374 5.427879 -3.508807 0.312438 0.07111
0.262107 1.327938 -0.512726 0.260994 0.600178
0.262107 4.84305 0.216417 0.3124 0.026741
1.559374 5.427879 3.18764 0.437536 0.618108
0.474774 9.003494 0.415273 0.090682 0.388834
1.559374 5.427879 -3.508807 0.312438 0.07111
3.951874 1.646938 -3.541949 0.335484 0.473843
1.612541 1.912769 -3.541949 0.298402 0.127965
1.559374 5.427879 -3.508807 0.312438 0.07111
4.802539 5.715581 -2.558709 0.342233 0.347962
3.951874 1.646938 -3.541949 0.335484 0.473843
1.559374 5.427879 -3.508807 0.312438 0.07111
3.982255 8.926201 -2.695832 0.347303 0.7347
4.802539 5.715581 -2.558709 0.342233 0.347962
1.54988 9.046829 -3.151959 0.334829 0.169369
3.982255 8.926201 -2.695832 0.347303 0.7347
1.559374 5.427879 -3.508807 0.312438 0.07111
3.951874 1.646938 -3.541949 0.335484 0.473843
3.038024 -2.889338 -3.079786 0.339109 0.374363
1.549358 -2.889338 -3.079785 0.296366 0.169369
3.951874 1.646938 -3.541949 0.335484 0.473843
3.977608 -2.862753 -1.233584 0.350987 0.130004
3.038024 -2.889338 -3.079786 0.339109 0.374363
3.951874 1.646938 -3.541949 0.335484 0.473843
5.12154 1.327938 -0.512726 0.357377 0.889245
3.977608 -2.862753 -1.233584 0.350987 0.130004
3.038024 -2.889338 -3.079786 0.339109 0.374363
1.735572 -6.912527 -3.512477 0.493014 0.391534
1.549358 -2.889338 -3.079785 0.296366 0.169369
4.802539 5.715581 -2.558709 0.342233 0.347962
5.12154 1.327938 -0.512726 0.357377 0.889245
3.951874 1.646938 -3.541949 0.335484 0.473843
4.802539 5.715581 -2.558709 0.342233 0.347962
5.807011 10.767479 0.415273 0.380404 0.609958
6.078539 6.86338 0.216417 0.372216 0.833135
3.982255 8.926201 -2.695832 0.347303 0.7347
5.807011 10.767479 0.415273 0.380404 0.609958
4.802539 5.715581 -2.558709 0.342233 0.347962
3.977608 -2.862753 -1.233584 0.350987 0.130004
3.960197 -5.476785 -1.556726 0.438977 0.72588
3.038024 -2.889338 -3.079786 0.339109 0.374363
5.12154 1.327938 -0.512726 0.357377 0.889245
3.951874 1.646938 2.458497 0.395818 0.026675
3.977608 -2.862753 -1.233584 0.350987 0.130004
6.078539 6.86338 0.216417 0.372216 0.833135
5.12154 1.327938 -0.512726 0.357377 0.889245
4.802539 5.715581 -2.558709 0.342233 0.347962
6.078539 6.86338 0.216417 0.372216 0.833135
3.951874 1.646938 2.458497 0.395818 0.026675
5.12154 1.327938 -0.512726 0.357377 0.889245
6.078539 6.86338 0.216417 0.372216 0.833135
4.802539 6.650716 2.336973 0.396735 0.100087
3.951874 1.646938 2.458497 0.395818 0.026675
5.807011 10.767479 0.415273 0.380404 0.609958
4.802539 6.650716 2.336973 0.396735 0.100087
6.078539 6.86338 0.216417 0.372216 0.833135
3.951874 1.646938 2.458497 0.395818 0.026675
3.038024 -2.889338 0.612618 0.395818 0.060185
3.977608 -2.862753 -1.233584 0.350987 0.130004
3.951874 1.646938 2.458497 0.395818 0.026675
1.549358 -2.889338 0.612618 0.407164 0.347539
3.038024 -2.889338 0.612618 0.395818 0.060185
3.951874 1.646938 2.458497 0.395818 0.026675
1.612541 1.912769 2.458497 0.435276 0.347532
1.549358 -2.889338 0.612618 0.407164 0.347539
3.951874 1.646938 2.458497 0.395818 0.026675
1.559374 5.427879 3.18764 0.437536 0.618108
1.612541 1.912769 2.458497 0.435276 0.347532
3.038024 -2.889338 0.612618 0.395818 0.060185
3.960197 -5.476785 -1.556726 0.438977 0.72588
3.977608 -2.862753 -1.233584 0.350987 0.130004
3.038024 -2.889338 0.612618 0.395818 0.060185
2.940926 -4.178782 0.96087 0.468634 0.02794
3.960197 -5.476785 -1.556726 0.438977 0.72588
3.038024 -2.889338 0.612618 0.395818 0.060185
1.611759 -4.178782 0.96087 0.469424 0.065567
2.940926 -4.178782 0.96087 0.468634 0.02794
4.802539 6.650716 2.336973 0.396735 0.100087
1.559374 5.427879 3.18764 0.437536 0.618108
3.951874 1.646938 2.458497 0.395818 0.026675
3.982255 10.7276 2.033164 0.404292 0.470879
4.802539 6.650716 2.336973 0.396735 0.100087
5.807011 10.767479 0.415273 0.380404 0.609958
3.982255 10.7276 2.033164 0.404292 0.470879
1.559374 5.427879 3.18764 0.437536 0.618108
4.802539 6.650716 2.336973 0.396735 0.100087
1.549358 -2.889338 0.612618 0.407164 0.347539
1.612541 1.912769 2.458497 0.435276 0.347532
0.262107 1.327938 -0.512726 0.260994 0.600178
1.549358 -2.889338 0.612618 0.407164 0.347539
1.611759 -4.178782 0.96087 0.469424 0.065567
3.038024 -2.889338 0.612618 0.395818 0.060185
1.612541 1.912769 2.458497 0.435276 0.347532
1.559374 5.427879 3.18764 0.437536 0.618108
0.262107 1.327938 -0.512726 0.260994 0.600178
3.960197 -5.476785 -1.556726 0.438977 0.72588
2.940926 -4.178782 0.96087 0.468634 0.02794
2.781426 -5.565393 0.708886 0.443495 0.836833
3.960197 -5.476785 -1.556726 0.438977 0.72588
2.905481 -6.912287 -3.511348 0.476413 0.864546
3.038024 -2.889338 -3.079786 0.339109 0.374363
3.960197 -5.476785 -1.556726 0.438977 0.72588
4.15143 -6.898491 -1.546627 0.493811 0.346988
2.905481 -6.912287 -3.511348 0.476413 0.864546
2.781426 -5.565393 0.708886 0.443495 0.836833
3.03036 -6.912407 0.133318 0.444488 0.470879
3.960197 -5.476785 -1.556726 0.438977 0.72588
2.781426 -5.565393 0.708886 0.443495 0.836833
1.735572 -6.912527 0.133883 0.469353 0.027118
3.03036 -6.912407 0.133318 0.444488 0.470879
2.781426 -5.565393 0.708886 0.443495 0.836833
1.824426 -5.565393 0.708886 0.469424 0.064744
1.735572 -6.912527 0.133883 0.469353 0.027118
2.781426 -5.565393 0.708886 0.443495 0.836833
1.611759 -4.178782 0.96087 0.469424 0.065567
1.824426 -5.565393 0.708886 0.469424 0.064744
3.03036 -6.912407 0.133318 0.444488 0.470879
4.15143 -6.898491 -1.546627 0.493811 0.346988
3.960197 -5.476785 -1.556726 0.438977 0.72588
3.03036 -6.912407 0.133318 0.444488 0.470879
3.023571 -7.114365 0.909091 0.590477 0.980606
4.15143 -6.898491 -1.546627 0.493811 0.346988
3.03036 -6.912407 0.133318 0.444488 0.470879
3.575 -5.263904 1.262615 0.613692 0.20318
3.023571 -7.114365 0.909091 0.590477 0.980606
2.940926 -4.178782 0.96087 0.468634 0.02794
1.611759 -4.178782 0.96087 0.469424 0.065567
2.781426 -5.565393 0.708886 0.443495 0.836833
1.735572 -6.912527 0.133883 0.469353 0.027118
3.575 -5.263904 1.262615 0.613692 0.20318
3.03036 -6.912407 0.133318 0.444488 0.470879
1.824426 -5.565393 0.708886 0.469424 0.064744
0.625273 -5.477316 -1.556726 0.469462 0.121546
1.735572 -6.912527 0.133883 0.469353 0.027118
1.611759 -4.178782 0.96087 0.469424 0.065567
0.625273 -5.477316 -1.556726 0.469462 0.121546
1.824426 -5.565393 0.708886 0.469424 0.064744
0.625273 -5.477316 -1.556726 0.469462 0.121546
0.551429 -6.930238 -1.555555 0.495931 0.124235
1.735572 -6.912527 0.133883 0.469353 0.027118
2.905481 -6.912287 -3.511348 0.476413 0.864546
1.735572 -6.912527 -3.512477 0.493014 0.391534
3.038024 -2.889338 -3.079786 0.339109 0.374363
2.905481 -6.912287 -3.511348 0.476413 0.864546
1.401429 -7.139365 -4.022727 0.549323 0.835505
1.735572 -6.912527 -3.512477 0.493014 0.391534
1.735572 -6.912527 -3.512477 0.493014 0.391534
0.551429 -6.930238 -1.555555 0.495931 0.124235
0.625273 -5.477316 -1.556726 0.469462 0.121546
1.735572 -6.912527 -3.512477 0.493014 0.391534
1.401429 -7.139365 -4.022727 0.549323 0.835505
0.551429 -6.930238 -1.555555 0.495931 0.124235
4.15143 -6.898491 -1.546627 0.493811 0.346988
3.451429 -7.139365 -3.750001 0.546192 0.124235
2.905481 -6.912287 -3.511348 0.476413 0.864546
4.15143 -6.898491 -1.546627 0.493811 0.346988
3.023571 -7.114365 0.909091 0.590477 0.980606
4.601429 -7.209602 -1.555556 0.5426 0.707949
0.551429 -6.930238 -1.555555 0.495931 0.124235
1.401429 -7.139365 -4.022727 0.549323 0.835505
0.251429 -7.207222 -1.555555 0.545887 0.124212
0.551429 -6.930238 -1.555555 0.495931 0.124235
1.723571 -7.114365 0.909091 0.584003 0.962641
1.735572 -6.912527 0.133883 0.469353 0.027118
0.715087 -17.029861 -1.68036768 0.501586 0.473325
1.421065 -15.582394 -3.54315168 0.521553 0.318411
1.513328 -20.217865 -2.82008092 0.192766 0.168513
0.715087 -17.029861 -1.68036768 0.501586 0.473325
1.667719 -11.094361 -4.381753 0.521661 0.221449
1.421065 -15.582394 -3.54315168 0.521553 0.318411
0.715087 -17.029861 -1.68036768 0.501586 0.473325
1.830448 -15.582394 0.18241832 0.523436 0.600178
0.418303 -10.251555 -1.77165301 0.521553 0.429492
1.421065 -15.582394 -3.54315168 0.521553 0.318411
2.887324 -15.565693 -3.54315168 0.521885 0.571701
1.513328 -20.217865 -2.82008092 0.192766 0.168513
0.418303 -10.251555 -1.77165301 0.521553 0.429492
1.667719 -11.094361 -4.381753 0.521661 0.221449
0.715087 -17.029861 -1.68036768 0.501586 0.473325
0.418303 -10.251555 -1.77165301 0.521553 0.429492
1.830448 -15.582394 0.18241832 0.523436 0.600178
1.667719 -10.764363 0.537251 0.524105 0.065633
0.418303 -10.251555 -1.77165301 0.521553 0.429492
0.251429 -7.207222 -1.555555 0.545887 0.124212
1.667719 -11.094361 -4.381753 0.521661 0.221449
1.667719 -11.094361 -4.381753 0.521661 0.221449
2.887324 -15.565693 -3.54315168 0.521885 0.571701
1.421065 -15.582394 -3.54315168 0.521553 0.318411
1.667719 -11.094361 -4.381753 0.521661 0.221449
3.376647 -11.094363 -4.381753 0.521919 0.221473
2.887324 -15.565693 -3.54315168 0.521885 0.571701
1.667719 -11.094361 -4.381753 0.521661 0.221449
3.451429 -7.139365 -3.750001 0.546192 0.124235
3.376647 -11.094363 -4.381753 0.521919 0.221473
1.667719 -11.094361 -4.381753 0.521661 0.221449
1.401429 -7.139365 -4.022727 0.549323 0.835505
3.451429 -7.139365 -3.750001 0.546192 0.124235
2.887324 -15.565693 -3.54315168 0.521885 0.571701
3.785462 -15.01071468 -1.68036768 0.522171 0.571677
2.832129 -20.217865 -1.12191492 0.176655 0.02753
2.887324 -15.565693 -3.54315168 0.521885 0.571701
4.688732 -10.505603 -1.80832001 0.522299 0.318435
3.785462 -15.01071468 -1.68036768 0.522171 0.571677
3.376647 -11.094363 -4.381753 0.521919 0.221473
4.688732 -10.505603 -1.80832001 0.522299 0.318435
2.887324 -15.565693 -3.54315168 0.521885 0.571701
3.376647 -11.094363 -4.381753 0.521919 0.221473
4.601429 -7.209602 -1.555556 0.5426 0.707949
4.688732 -10.505603 -1.80832001 0.522299 0.318435
3.376647 -11.094363 -4.381753 0.521919 0.221473
3.451429 -7.139365 -3.750001 0.546192 0.124235
4.601429 -7.209602 -1.555556 0.5426 0.707949
3.785462 -15.01071468 -1.68036768 0.522171 0.571677
2.887324 -15.565693 0.18241832 0.522299 0.429517
2.832129 -20.217865 -1.12191492 0.176655 0.02753
4.688732 -10.505603 -1.80832001 0.522299 0.318435
2.887324 -15.565693 0.18241832 0.522299 0.429517
3.785462 -15.01071468 -1.68036768 0.522171 0.571677
4.688732 -10.505603 -1.80832001 0.522299 0.318435
3.376647 -10.764365 0.537251 0.523315 0.027184
2.887324 -15.565693 0.18241832 0.522299 0.429517
4.688732 -10.505603 -1.80832001 0.522299 0.318435
4.601429 -7.209602 -1.555556 0.5426 0.707949
3.376647 -10.764365 0.537251 0.523315 0.027184
2.887324 -15.565693 0.18241832 0.522299 0.429517
1.830448 -15.582394 0.18241832 0.523436 0.600178
1.513328 -20.217865 0.36570908 0.219629 0.345814
2.887324 -15.565693 0.18241832 0.522299 0.429517
1.667719 -10.764363 0.537251 0.524105 0.065633
1.830448 -15.582394 0.18241832 0.523436 0.600178
3.376647 -10.764365 0.537251 0.523315 0.027184
1.667719 -10.764363 0.537251 0.524105 0.065633
2.887324 -15.565693 0.18241832 0.522299 0.429517
3.376647 -10.764365 0.537251 0.523315 0.027184
1.723571 -7.114365 0.909091 0.584003 0.962641
1.667719 -10.764363 0.537251 0.524105 0.065633
3.376647 -10.764365 0.537251 0.523315 0.027184
3.023571 -7.114365 0.909091 0.590477 0.980606
1.723571 -7.114365 0.909091 0.584003 0.962641
1.667719 -10.764363 0.537251 0.524105 0.065633
0.251429 -7.207222 -1.555555 0.545887 0.124212
0.418303 -10.251555 -1.77165301 0.521553 0.429492
1.667719 -10.764363 0.537251 0.524105 0.065633
1.723571 -7.114365 0.909091 0.584003 0.962641
0.251429 -7.207222 -1.555555 0.545887 0.124212
4.601429 -7.209602 -1.555556 0.5426 0.707949
3.451429 -7.139365 -3.750001 0.546192 0.124235
4.15143 -6.898491 -1.546627 0.493811 0.346988
4.601429 -7.209602 -1.555556 0.5426 0.707949
3.023571 -7.114365 0.909091 0.590477 0.980606
3.376647 -10.764365 0.537251 0.523315 0.027184
0.251429 -7.207222 -1.555555 0.545887 0.124212
1.401429 -7.139365 -4.022727 0.549323 0.835505
1.667719 -11.094361 -4.381753 0.521661 0.221449
0.251429 -7.207222 -1.555555 0.545887 0.124212
1.723571 -7.114365 0.909091 0.584003 0.962641
0.551429 -6.930238 -1.555555 0.495931 0.124235
3.451429 -7.139365 -3.750001 0.546192 0.124235
1.401429 -7.139365 -4.022727 0.549323 0.835505
2.905481 -6.912287 -3.511348 0.476413 0.864546
1.723571 -7.114365 0.909091 0.584003 0.962641
1.3 -5.243449 1.262615 0.596249 0.569178
1.735572 -6.912527 0.133883 0.469353 0.027118
3.023571 -7.114365 0.909091 0.590477 0.980606
1.525 -5.247995 1.762615 0.594704 0.853041
1.723571 -7.114365 0.909091 0.584003 0.962641
3.023571 -7.114365 0.909091 0.590477 0.980606
3.275 -5.284358 1.762615 0.609409 0.26211
1.525 -5.247995 1.762615 0.594704 0.853041
3.023571 -7.114365 0.909091 0.590477 0.980606
3.575 -5.263904 1.262615 0.613692 0.20318
3.275 -5.284358 1.762615 0.609409 0.26211
1.525 -5.247995 1.762615 0.594704 0.853041
1.3 -5.243449 1.262615 0.596249 0.569178
1.723571 -7.114365 0.909091 0.584003 0.962641
1.525 -5.247995 1.762615 0.594704 0.853041
1.175 -3.297994 1.489888 0.600638 0.70887
1.3 -5.243449 1.262615 0.596249 0.569178
1.525 -5.247995 1.762615 0.594704 0.853041
1.525 -3.797995 1.898979 0.601315 0.70887
1.175 -3.297994 1.489888 0.600638 0.70887
1.525 -5.247995 1.762615 0.594704 0.853041
3.268571 -3.825767 1.901186 0.609126 0.262134
1.525 -3.797995 1.898979 0.601315 0.70887
1.525 -5.247995 1.762615 0.594704 0.853041
3.275 -5.284358 1.762615 0.609409 0.26211
3.268571 -3.825767 1.901186 0.609126 0.262134
1.3 -5.243449 1.262615 0.596249 0.569178
3.575 -5.263904 1.262615 0.613692 0.20318
1.735572 -6.912527 0.133883 0.469353 0.027118
1.175 -3.297994 1.489888 0.600638 0.70887
3.7 -3.309358 1.489888 0.613408 0.203204
1.3 -5.243449 1.262615 0.596249 0.569178
1.525 -3.797995 1.898979 0.601315 0.70887
3.7 -3.309358 1.489888 0.613408 0.203204
1.175 -3.297994 1.489888 0.600638 0.70887
3.268571 -3.825767 1.901186 0.609126 0.262134
3.7 -3.309358 1.489888 0.613408 0.203204
1.525 -3.797995 1.898979 0.601315 0.70887
3.275 -5.284358 1.762615 0.609409 0.26211
3.7 -3.309358 1.489888 0.613408 0.203204
3.268571 -3.825767 1.901186 0.609126 0.262134
3.275 -5.284358 1.762615 0.609409 0.26211
3.575 -5.263904 1.262615 0.613692 0.20318
3.7 -3.309358 1.489888 0.613408 0.203204
3.7 -3.309358 1.489888 0.613408 0.203204
3.575 -5.263904 1.262615 0.613692 0.20318
1.3 -5.243449 1.262615 0.596249 0.569178
-1.613874 -2.889338 -3.079786 0.636575 0.569178
-1.677057 1.912769 -3.54195 0.650431 0.432645
-0.326623 1.327938 -0.512726 0.637336 0.569178
-1.613874 -2.889338 -3.079786 0.636575 0.569178
-4.01639 1.646938 -3.541949 0.651542 0.959782
-1.677057 1.912769 -3.54195 0.650431 0.432645
-1.613874 -2.889338 -3.079786 0.636575 0.569178
-3.10254 -2.889338 -3.079785 0.659901 0.740993
-4.01639 1.646938 -3.541949 0.651542 0.959782
-1.613874 -2.889338 -3.079786 0.636575 0.569178
-1.800088 -6.912527 -3.512477 0.748733 0.512649
-3.10254 -2.889338 -3.079785 0.659901 0.740993
-0.326623 1.327938 -0.512726 0.637336 0.569178
-0.729291 -2.809587 -1.233584 0.649977 0.355944
-1.613874 -2.889338 -3.079786 0.636575 0.569178
-0.326623 1.327938 -0.512726 0.637336 0.569178
-1.613874 -2.889338 0.612618 0.730296 0.564122
-0.729291 -2.809587 -1.233584 0.649977 0.355944
-0.326623 1.327938 -0.512726 0.637336 0.569178
-1.677057 1.912769 2.458497 0.730306 0.512757
-1.613874 -2.889338 0.612618 0.730296 0.564122
-0.326623 1.327938 -0.512726 0.637336 0.569178
-1.62389 5.427879 3.18764 0.730333 0.564171
-1.677057 1.912769 2.458497 0.730306 0.512757
-0.729291 -2.809587 -1.233584 0.649977 0.355944
-0.689789 -5.477316 -1.556726 0.747595 0.44044
-1.613874 -2.889338 -3.079786 0.636575 0.569178
-1.677057 1.912769 -3.54195 0.650431 0.432645
-1.62389 5.427879 -3.508807 0.650714 0.432621
-0.326623 1.327938 -0.512726 0.637336 0.569178
-1.677057 1.912769 -3.54195 0.650431 0.432645
-4.01639 1.646938 -3.541949 0.651542 0.959782
-1.62389 5.427879 -3.508807 0.650714 0.432621
-1.62389 5.427879 -3.508807 0.650714 0.432621
-0.326623 4.84305 0.216417 0.651085 0.981023
-0.326623 1.327938 -0.512726 0.637336 0.569178
-1.62389 5.427879 -3.508807 0.650714 0.432621
-1.614396 9.046829 -3.151959 0.651123 0.355969
-0.541267 9.003494 0.415273 0.154302 0.168513
-1.62389 5.427879 -3.508807 0.650714 0.432621
-4.046771 8.926201 -2.695832 0.677882 0.5639
-1.614396 9.046829 -3.151959 0.651123 0.355969
-0.326623 4.84305 0.216417 0.651085 0.981023
-1.62389 5.427879 3.18764 0.730333 0.564171
-0.326623 1.327938 -0.512726 0.637336 0.569178
-1.614396 9.046829 -3.151959 0.651123 0.355969
-4.046771 8.926201 -2.695832 0.677882 0.5639
-0.853683 10.020798 -4.248401 0.174782 0.609958
-4.01639 1.646938 -3.541949 0.651542 0.959782
-4.867055 5.715581 -2.558709 0.673057 0.859489
-1.62389 5.427879 -3.508807 0.650714 0.432621
-4.01639 1.646938 -3.541949 0.651542 0.959782
-5.186055 1.327938 -0.512726 0.685852 0.569178
-4.867055 5.715581 -2.558709 0.673057 0.859489
-3.10254 -2.889338 -3.079785 0.659901 0.740993
-4.042123 -2.862753 -1.233584 0.680479 0.512318
-4.01639 1.646938 -3.541949 0.651542 0.959782
-3.10254 -2.889338 -3.079785 0.659901 0.740993
-4.024714 -5.476785 -1.556726 0.731716 0.843132
-4.042123 -2.862753 -1.233584 0.680479 0.512318
-3.10254 -2.889338 -3.079785 0.659901 0.740993
-2.969997 -6.912287 -3.511348 0.748727 0.547156
-4.024714 -5.476785 -1.556726 0.731716 0.843132
-3.10254 -2.889338 -3.079785 0.659901 0.740993
-1.800088 -6.912527 -3.512477 0.748733 0.512649
-2.969997 -6.912287 -3.511348 0.748727 0.547156
-4.867055 5.715581 -2.558709 0.673057 0.859489
-4.046771 8.926201 -2.695832 0.677882 0.5639
-1.62389 5.427879 -3.508807 0.650714 0.432621
-4.867055 5.715581 -2.558709 0.673057 0.859489
-5.186055 1.327938 -0.512726 0.685852 0.569178
-6.143055 6.86338 0.216417 0.691793 0.476465
-4.867055 5.715581 -2.558709 0.673057 0.859489
-5.871526 10.767479 0.415273 0.718689 0.476462
-4.046771 8.926201 -2.695832 0.677882 0.5639
-4.046771 8.926201 -2.695832 0.677882 0.5639
-5.871526 10.767479 0.415273 0.718689 0.476462
-4.927068 10.756317 -3.295544 0.168611 0.302388
-4.042123 -2.862753 -1.233584 0.680479 0.512318
-5.186055 1.327938 -0.512726 0.685852 0.569178
-4.01639 1.646938 -3.541949 0.651542 0.959782
-4.042123 -2.862753 -1.233584 0.680479 0.512318
-4.01639 1.646938 2.458498 0.724135 0.961891
-5.186055 1.327938 -0.512726 0.685852 0.569178
-4.042123 -2.862753 -1.233584 0.680479 0.512318
-3.10254 -2.889338 0.612618 0.727736 0.512805
-4.01639 1.646938 2.458498 0.724135 0.961891
-4.042123 -2.862753 -1.233584 0.680479 0.512318
-4.024714 -5.476785 -1.556726 0.731716 0.843132
-3.10254 -2.889338 0.612618 0.727736 0.512805
-5.186055 1.327938 -0.512726 0.685852 0.569178
-4.01639 1.646938 2.458498 0.724135 0.961891
-6.143055 6.86338 0.216417 0.691793 0.476465
-6.143055 6.86338 0.216417 0.691793 0.476465
-5.871526 10.767479 0.415273 0.718689 0.476462
-4.867055 5.715581 -2.558709 0.673057 0.859489
-6.143055 6.86338 0.216417 0.691793 0.476465
-4.867055 6.650716 2.336973 0.728532 0.715481
-5.871526 10.767479 0.415273 0.718689 0.476462
-5.871526 10.767479 0.415273 0.718689 0.476462
-4.867055 6.650716 2.336973 0.728532 0.715481
-4.046772 10.7276 2.033163 0.730221 0.564122
-5.871526 10.767479 0.415273 0.718689 0.476462
-4.046772 10.7276 2.033163 0.730221 0.564122
-5.007246 14.267654 0.242655 0.131294 0.168513
-4.01639 1.646938 2.458498 0.724135 0.961891
-4.867055 6.650716 2.336973 0.728532 0.715481
-6.143055 6.86338 0.216417 0.691793 0.476465
-4.01639 1.646938 2.458498 0.724135 0.961891
-1.62389 5.427879 3.18764 0.730333 0.564171
-4.867055 6.650716 2.336973 0.728532 0.715481
-3.10254 -2.889338 0.612618 0.727736 0.512805
-1.613874 -2.889338 0.612618 0.730296 0.564122
-4.01639 1.646938 2.458498 0.724135 0.961891
-3.10254 -2.889338 0.612618 0.727736 0.512805
-1.676275 -4.178782 0.96087 0.747311 0.440465
-1.613874 -2.889338 0.612618 0.730296 0.564122
-4.867055 6.650716 2.336973 0.728532 0.715481
-1.62389 5.427879 3.18764 0.730333 0.564171
-4.046772 10.7276 2.033163 0.730221 0.564122
-4.046772 10.7276 2.033163 0.730221 0.564122
-1.62389 5.427879 3.18764 0.730333 0.564171
-2.134747 10.45417 2.671164 0.146261 0.470879
-1.613874 -2.889338 0.612618 0.730296 0.564122
-1.677057 1.912769 2.458497 0.730306 0.512757
-4.01639 1.646938 2.458498 0.724135 0.961891
-1.613874 -2.889338 0.612618 0.730296 0.564122
-1.676275 -4.178782 0.96087 0.747311 0.440465
-0.729291 -2.809587 -1.233584 0.649977 0.355944
-1.677057 1.912769 2.458497 0.730306 0.512757
-1.62389 5.427879 3.18764 0.730333 0.564171
-4.01639 1.646938 2.458498 0.724135 0.961891
-4.024714 -5.476785 -1.556726 0.731716 0.843132
-3.005442 -4.178782 0.96087 0.738961 0.334074
-3.10254 -2.889338 0.612618 0.727736 0.512805
-4.024714 -5.476785 -1.556726 0.731716 0.843132
-4.215945 -6.898491 -1.546627 0.74885 0.512649
-3.095792 -6.912407 0.133318 0.736821 0.476942
-3.095792 -6.912407 0.133318 0.736821 0.476942
-2.845942 -5.565393 0.708886 0.738462 0.980609
-4.024714 -5.476785 -1.556726 0.731716 0.843132
-3.095792 -6.912407 0.133318 0.736821 0.476942
-1.801004 -6.912527 0.133883 0.739243 0.33405
-2.845942 -5.565393 0.708886 0.738462 0.980609
-3.095792 -6.912407 0.133318 0.736821 0.476942
-3.643182 -5.263904 1.262615 0.902054 0.30076
-1.801004 -6.912527 0.133883 0.739243 0.33405
-2.845942 -5.565393 0.708886 0.738462 0.980609
-3.005442 -4.178782 0.96087 0.738961 0.334074
-4.024714 -5.476785 -1.556726 0.731716 0.843132
-2.845942 -5.565393 0.708886 0.738462 0.980609
-1.676275 -4.178782 0.96087 0.747311 0.440465
-3.005442 -4.178782 0.96087 0.738961 0.334074
-3.005442 -4.178782 0.96087 0.738961 0.334074
-1.676275 -4.178782 0.96087 0.747311 0.440465
-3.10254 -2.889338 0.612618 0.727736 0.512805
-1.801004 -6.912527 0.133883 0.739243 0.33405
-1.888942 -5.565393 0.708886 0.745151 0.570823
-2.845942 -5.565393 0.708886 0.738462 0.980609
-1.801004 -6.912527 0.133883 0.739243 0.33405
-0.689789 -5.477316 -1.556726 0.747595 0.44044
-1.888942 -5.565393 0.708886 0.745151 0.570823
-1.801004 -6.912527 0.133883 0.739243 0.33405
-0.615945 -6.930238 -1.555555 0.74885 0.547156
-0.689789 -5.477316 -1.556726 0.747595 0.44044
-1.801004 -6.912527 0.133883 0.739243 0.33405
-1.789003 -7.114365 0.909091 0.85575 0.98007
-0.615945 -6.930238 -1.555555 0.74885 0.547156
-1.801004 -6.912527 0.133883 0.739243 0.33405
-1.368182 -5.243449 1.262615 0.856864 0.419263
-1.789003 -7.114365 0.909091 0.85575 0.98007
-1.801004 -6.912527 0.133883 0.739243 0.33405
-3.643182 -5.263904 1.262615 0.902054 0.30076
-1.368182 -5.243449 1.262615 0.856864 0.419263
-1.888942 -5.565393 0.708886 0.745151 0.570823
-1.676275 -4.178782 0.96087 0.747311 0.440465
-2.845942 -5.565393 0.708886 0.738462 0.980609
-1.888942 -5.565393 0.708886 0.745151 0.570823
-0.689789 -5.477316 -1.556726 0.747595 0.44044
-1.676275 -4.178782 0.96087 0.747311 0.440465
-1.676275 -4.178782 0.96087 0.747311 0.440465
-0.689789 -5.477316 -1.556726 0.747595 0.44044
-0.729291 -2.809587 -1.233584 0.649977 0.355944
-0.689789 -5.477316 -1.556726 0.747595 0.44044
-1.800088 -6.912527 -3.512477 0.748733 0.512649
-1.613874 -2.889338 -3.079786 0.636575 0.569178
-0.689789 -5.477316 -1.556726 0.747595 0.44044
-0.615945 -6.930238 -1.555555 0.74885 0.547156
-1.800088 -6.912527 -3.512477 0.748733 0.512649
-2.969997 -6.912287 -3.511348 0.748727 0.547156
-4.215945 -6.898491 -1.546627 0.74885 0.512649
-4.024714 -5.476785 -1.556726 0.731716 0.843132
-2.969997 -6.912287 -3.511348 0.748727 0.547156
-3.515945 -7.139365 -3.750001 0.842232 0.364481
-4.215945 -6.898491 -1.546627 0.74885 0.512649
-1.800088 -6.912527 -3.512477 0.748733 0.512649
-1.465945 -7.139365 -4.022727 0.836154 0.86844
-2.969997 -6.912287 -3.511348 0.748727 0.547156
-4.215945 -6.898491 -1.546627 0.74885 0.512649
-3.515945 -7.139365 -3.750001 0.842232 0.364481
-4.665946 -7.209602 -1.555556 0.804161 0.21479
-4.215945 -6.898491 -1.546627 0.74885 0.512649
-3.089004 -7.114365 0.909091 0.853774 0.959854
-3.095792 -6.912407 0.133318 0.736821 0.476942
-0.615945 -6.930238 -1.555555 0.74885 0.547156
-1.465945 -7.139365 -4.022727 0.836154 0.86844
-1.800088 -6.912527 -3.512477 0.748733 0.512649
-0.615945 -6.930238 -1.555555 0.74885 0.547156
-1.789003 -7.114365 0.909091 0.85575 0.98007
-0.315945 -7.207222 -1.555555 0.836131 0.569178
-1.577501 -20.217865 -2.82008092 0.752975 0.468232
-1.485581 -15.582394 -3.54315168 0.777374 0.980602
-0.779603 -17.029861 -1.68036768 0.753125 0.468232
-1.577501 -20.217865 -2.82008092 0.752975 0.468232
-2.95184 -15.565693 -3.54315168 0.780075 0.4679
-1.485581 -15.582394 -3.54315168 0.777374 0.980602
-1.577501 -20.217865 -2.82008092 0.752975 0.468232
-2.28515 -20.217865 -2.82008092 0.784363 0.570823
-2.95184 -15.565693 -3.54315168 0.780075 0.4679
-1.577501 -20.217865 -2.82008092 0.752975 0.468232
-1.826489 -22.244715 -3.02804592 0.923842 0.980602
-2.28515 -20.217865 -2.82008092 0.784363 0.570823
-1.577501 -20.217865 -2.82008092 0.752975 0.468232
-0.408712 -21.323153 -1.04315692 0.924396 0.569178
-1.826489 -22.244715 -3.02804592 0.923842 0.980602
-0.779603 -17.029861 -1.68036768 0.753125 0.468232
-0.580361 -20.217865 -1.12191492 0.770166 0.843132
-1.577501 -20.217865 -2.82008092 0.752975 0.468232
-0.779603 -17.029861 -1.68036768 0.753125 0.468232
-1.577501 -20.217865 0.36570908 0.802148 0.563519
-0.580361 -20.217865 -1.12191492 0.770166 0.843132
-0.779603 -17.029861 -1.68036768 0.753125 0.468232
-1.894964 -15.582394 0.18241832 0.802271 0.563852
-1.577501 -20.217865 0.36570908 0.802148 0.563519
-0.580361 -20.217865 -1.12191492 0.770166 0.843132
-0.408712 -21.323153 -1.04315692 0.924396 0.569178
-1.577501 -20.217865 -2.82008092 0.752975 0.468232
-1.485581 -15.582394 -3.54315168 0.777374 0.980602
-1.732235 -11.094361 -4.381753 0.778948 0.961891
-0.779603 -17.029861 -1.68036768 0.753125 0.468232
-1.485581 -15.582394 -3.54315168 0.777374 0.980602
-2.95184 -15.565693 -3.54315168 0.780075 0.4679
-1.732235 -11.094361 -4.381753 0.778948 0.961891
-1.732235 -11.094361 -4.381753 0.778948 0.961891
-0.482819 -10.251555 -1.77165301 0.779979 0.468232
-0.779603 -17.029861 -1.68036768 0.753125 0.468232
-1.732235 -11.094361 -4.381753 0.778948 0.961891
-0.315945 -7.207222 -1.555555 0.836131 0.569178
-0.482819 -10.251555 -1.77165301 0.779979 0.468232
-1.732235 -11.094361 -4.381753 0.778948 0.961891
-1.465945 -7.139365 -4.022727 0.836154 0.86844
-0.315945 -7.207222 -1.555555 0.836131 0.569178
-1.732235 -11.094361 -4.381753 0.778948 0.961891
-3.515945 -7.139365 -3.750001 0.842232 0.364481
-1.465945 -7.139365 -4.022727 0.836154 0.86844
-0.482819 -10.251555 -1.77165301 0.779979 0.468232
-1.894964 -15.582394 0.18241832 0.802271 0.563852
-0.779603 -17.029861 -1.68036768 0.753125 0.468232
-0.482819 -10.251555 -1.77165301 0.779979 0.468232
-0.315945 -7.207222 -1.555555 0.836131 0.569178
-1.732235 -10.764363 0.537251 0.803014 0.214765
-2.95184 -15.565693 -3.54315168 0.780075 0.4679
-3.441163 -11.094363 -4.381753 0.785069 0.546495
-1.732235 -11.094361 -4.381753 0.778948 0.961891
-2.95184 -15.565693 -3.54315168 0.780075 0.4679
-4.753247 -10.505603 -1.80832001 0.785202 0.511783
-3.441163 -11.094363 -4.381753 0.785069 0.546495
-2.28515 -20.217865 -2.82008092 0.784363 0.570823
-2.896302 -20.217865 -1.12191492 0.785082 0.546163
-2.95184 -15.565693 -3.54315168 0.780075 0.4679
-2.28515 -20.217865 -2.82008092 0.784363 0.570823
-2.925267 -21.323149 -1.04315692 0.902338 0.301952
-2.896302 -20.217865 -1.12191492 0.785082 0.546163
-2.28515 -20.217865 -2.82008092 0.784363 0.570823
-1.826489 -22.244715 -3.02804592 0.923842 0.980602
-2.925267 -21.323149 -1.04315692 0.902338 0.301952
-3.441163 -11.094363 -4.381753 0.785069 0.546495
-3.515945 -7.139365 -3.750001 0.842232 0.364481
-1.732235 -11.094361 -4.381753 0.778948 0.961891
-2.896302 -20.217865 -1.12191492 0.785082 0.546163
-3.849978 -15.01071468 -1.68036768 0.785142 0.512102
-2.95184 -15.565693 -3.54315168 0.780075 0.4679
-2.896302 -20.217865 -1.12191492 0.785082 0.546163
-2.95184 -15.565693 0.18241832 0.788035 0.706723
-3.849978 -15.01071468 -1.68036768 0.785142 0.512102
-2.896302 -20.217865 -1.12191492 0.785082 0.546163
-2.28515 -20.217865 0.36570908 0.797825 0.477915
-2.95184 -15.565693 0.18241832 0.788035 0.706723
-2.896302 -20.217865 -1.12191492 0.785082 0.546163
-2.925267 -21.323149 -1.04315692 0.902338 0.301952
-2.28515 -20.217865 0.36570908 0.797825 0.477915
-3.849978 -15.01071468 -1.68036768 0.785142 0.512102
-4.753247 -10.505603 -1.80832001 0.785202 0.511783
-2.95184 -15.565693 -3.54315168 0.780075 0.4679
-3.849978 -15.01071468 -1.68036768 0.785142 0.512102
-2.95184 -15.565693 0.18241832 0.788035 0.706723
-4.753247 -10.505603 -1.80832001 0.785202 0.511783
-4.753247 -10.505603 -1.80832001 0.785202 0.511783
-4.665946 -7.209602 -1.555556 0.804161 0.21479
-3.441163 -11.094363 -4.381753 0.785069 0.546495
-2.95184 -15.565693 0.18241832 0.788035 0.706723
-3.441163 -10.764365 0.537251 0.802138 0.511938
-4.753247 -10.505603 -1.80832001 0.785202 0.511783
-2.95184 -15.565693 0.18241832 0.788035 0.706723
-1.732235 -10.764363 0.537251 0.803014 0.214765
-3.441163 -10.764365 0.537251 0.802138 0.511938
-2.28515 -20.217865 0.36570908 0.797825 0.477915
-1.577501 -20.217865 0.36570908 0.802148 0.563519
-2.95184 -15.565693 0.18241832 0.788035 0.706723
-2.28515 -20.217865 0.36570908 0.797825 0.477915
-1.791045 -21.268715 0.99067108 0.975861 0.569269
-1.577501 -20.217865 0.36570908 0.802148 0.563519
-3.441163 -10.764365 0.537251 0.802138 0.511938
-4.665946 -7.209602 -1.555556 0.804161 0.21479
-4.753247 -10.505603 -1.80832001 0.785202 0.511783
-3.441163 -10.764365 0.537251 0.802138 0.511938
-3.089004 -7.114365 0.909091 0.853774 0.959854
-4.665946 -7.209602 -1.555556 0.804161 0.21479
-3.441163 -10.764365 0.537251 0.802138 0.511938
-1.789003 -7.114365 0.909091 0.85575 0.98007
-3.089004 -7.114365 0.909091 0.853774 0.959854
-1.577501 -20.217865 0.36570908 0.802148 0.563519
-1.894964 -15.582394 0.18241832 0.802271 0.563852
-2.95184 -15.565693 0.18241832 0.788035 0.706723
-1.577501 -20.217865 0.36570908 0.802148 0.563519
-0.408712 -21.323153 -1.04315692 0.924396 0.569178
-0.580361 -20.217865 -1.12191492 0.770166 0.843132
-1.577501 -20.217865 0.36570908 0.802148 0.563519
-1.791045 -21.268715 0.99067108 0.975861 0.569269
-0.408712 -21.323153 -1.04315692 0.924396 0.569178
-1.894964 -15.582394 0.18241832 0.802271 0.563852
-1.732235 -10.764363 0.537251 0.803014 0.214765
-2.95184 -15.565693 0.18241832 0.788035 0.706723
-1.732235 -10.764363 0.537251 0.803014 0.214765
-1.894964 -15.582394 0.18241832 0.802271 0.563852
-0.482819 -10.251555 -1.77165301 0.779979 0.468232
-1.732235 -10.764363 0.537251 0.803014 0.214765
-1.789003 -7.114365 0.909091 0.85575 0.98007
-3.441163 -10.764365 0.537251 0.802138 0.511938
-4.665946 -7.209602 -1.555556 0.804161 0.21479
-3.515945 -7.139365 -3.750001 0.842232 0.364481
-3.441163 -11.094363 -4.381753 0.785069 0.546495
-4.665946 -7.209602 -1.555556 0.804161 0.21479
-3.089004 -7.114365 0.909091 0.853774 0.959854
-4.215945 -6.898491 -1.546627 0.74885 0.512649
-0.315945 -7.207222 -1.555555 0.836131 0.569178
-1.465945 -7.139365 -4.022727 0.836154 0.86844
-0.615945 -6.930238 -1.555555 0.74885 0.547156
-0.315945 -7.207222 -1.555555 0.836131 0.569178
-1.789003 -7.114365 0.909091 0.85575 0.98007
-1.732235 -10.764363 0.537251 0.803014 0.214765
-1.465945 -7.139365 -4.022727 0.836154 0.86844
-3.515945 -7.139365 -3.750001 0.842232 0.364481
-2.969997 -6.912287 -3.511348 0.748727 0.547156
-3.089004 -7.114365 0.909091 0.853774 0.959854
-3.643182 -5.263904 1.262615 0.902054 0.30076
-3.095792 -6.912407 0.133318 0.736821 0.476942
-1.789003 -7.114365 0.909091 0.85575 0.98007
-1.593182 -5.247995 1.762615 0.856117 0.419239
-3.089004 -7.114365 0.909091 0.853774 0.959854
-1.789003 -7.114365 0.909091 0.85575 0.98007
-1.368182 -5.243449 1.262615 0.856864 0.419263
-1.593182 -5.247995 1.762615 0.856117 0.419239
-1.593182 -5.247995 1.762615 0.856117 0.419239
-1.243182 -3.297994 1.489888 0.87638029 0.36782038
-1.593182 -3.797995 1.898979 0.863557 0.664905
-1.593182 -5.247995 1.762615 0.856117 0.419239
-3.343182 -5.284358 1.762615 0.889533 0.238828
-3.089004 -7.114365 0.909091 0.853774 0.959854
-1.368182 -5.243449 1.262615 0.856864 0.419263
-1.243182 -3.297994 1.489888 0.87638029 0.36782038
-1.593182 -5.247995 1.762615 0.856117 0.419239
-1.368182 -5.243449 1.262615 0.856864 0.419263
-3.768182 -3.309358 1.489888 0.889817 0.238802
-1.243182 -3.297994 1.489888 0.87638029 0.36782038
-1.368182 -5.243449 1.262615 0.856864 0.419263
-3.643182 -5.263904 1.262615 0.902054 0.30076
-3.768182 -3.309358 1.489888 0.889817 0.238802
-1.593182 -3.797995 1.898979 0.863557 0.664905
-3.336753 -3.825767 1.901186 0.881998 0.569178
-1.593182 -5.247995 1.762615 0.856117 0.419239
-1.593182 -3.797995 1.898979 0.863557 0.664905
-3.768182 -3.309358 1.489888 0.889817 0.238802
-3.336753 -3.825767 1.901186 0.881998 0.569178
-1.243182 -3.297994 1.489888 0.87638029 0.36782038
-3.768182 -3.309358 1.489888 0.889817 0.238802
-1.593182 -3.797995 1.898979 0.863557 0.664905
-3.336753 -3.825767 1.901186 0.881998 0.569178
-3.343182 -5.284358 1.762615 0.889533 0.238828
-1.593182 -5.247995 1.762615 0.856117 0.419239
-3.336753 -3.825767 1.901186 0.881998 0.569178
-3.768182 -3.309358 1.489888 0.889817 0.238802
-3.343182 -5.284358 1.762615 0.889533 0.238828
-3.343182 -5.284358 1.762615 0.889533 0.238828
-3.643182 -5.263904 1.262615 0.902054 0.30076
-3.089004 -7.114365 0.909091 0.853774 0.959854
-3.768182 -3.309358 1.489888 0.889817 0.238802
-3.643182 -5.263904 1.262615 0.902054 0.30076
-3.343182 -5.284358 1.762615 0.889533 0.238828
-2.925267 -21.323149 -1.04315692 0.902338 0.301952
-1.791045 -21.268715 0.99067108 0.975861 0.569269
-2.28515 -20.217865 0.36570908 0.797825 0.477915
-1.826489 -22.244715 -3.02804592 0.923842 0.980602
-1.824877 -24.18761421 -3.02269492 0.924795 0.853041
-2.925267 -21.323149 -1.04315692 0.902338 0.301952
-0.408712 -21.323153 -1.04315692 0.924396 0.569178
-1.824877 -24.18761421 -3.02269492 0.924795 0.853041
-1.826489 -22.244715 -3.02804592 0.923842 0.980602
-0.408712 -21.323153 -1.04315692 0.924396 0.569178
-0.374248 -22.840923 -0.50032992 0.958498 0.962641
-1.824877 -24.18761421 -3.02269492 0.924795 0.853041
-0.408712 -21.323153 -1.04315692 0.924396 0.569178
-1.791045 -21.268715 0.99067108 0.975861 0.569269
-0.374248 -22.840923 -0.50032992 0.958498 0.962641
-1.824877 -24.18761421 -3.02269492 0.924795 0.853041
-3.42149 -22.839157 -0.49885492 0.928768 0.962641
-2.925267 -21.323149 -1.04315692 0.902338 0.301952
-1.824877 -24.18761421 -3.02269492 0.924795 0.853041
-3.2781 -24.18761421 -0.49885492 0.928949 0.708368
-3.42149 -22.839157 -0.49885492 0.928768 0.962641
-1.824877 -24.18761421 -3.02269492 0.924795 0.853041
-0.4071 -24.18761421 -0.50180592 0.9692 0.853041
-3.2781 -24.18761421 -0.49885492 0.928949 0.708368
-3.42149 -22.839157 -0.49885492 0.928768 0.962641
-1.791045 -21.268715 0.99067108 0.975861 0.569269
-2.925267 -21.323149 -1.04315692 0.902338 0.301952
-3.2781 -24.18761421 -0.49885492 0.928949 0.708368
-3.278099 -24.18761021 2.33673308 0.942854 0.569178
-3.42149 -22.839157 -0.49885492 0.928768 0.962641
-3.2781 -24.18761421 -0.49885492 0.928949 0.708368
-0.4071 -24.18761421 -0.50180592 0.9692 0.853041
-3.278099 -24.18761021 2.33673308 0.942854 0.569178
-3.278099 -24.18761021 2.33673308 0.942854 0.569178
-3.42149 -23.130823 2.33673308 0.944678 0.187859
-3.42149 -22.839157 -0.49885492 0.928768 0.962641
-3.278099 -24.18761021 2.33673308 0.942854 0.569178
-2.391988 -24.19774221 4.93051008 0.944961 0.187834
-3.42149 -23.130823 2.33673308 0.944678 0.187859
-3.278099 -24.18761021 2.33673308 0.942854 0.569178
-0.40808 -24.18938421 2.33525808 0.95688 0.70887
-2.391988 -24.19774221 4.93051008 0.944961 0.187834
-3.278099 -24.18761021 2.33673308 0.942854 0.569178
-0.4071 -24.18761421 -0.50180592 0.9692 0.853041
-0.40808 -24.18938421 2.33525808 0.95688 0.70887
-3.42149 -23.130823 2.33673308 0.944678 0.187859
-1.82747 -22.067366 2.37070208 0.97586 0.569269
-3.42149 -22.839157 -0.49885492 0.928768 0.962641
-2.391988 -24.19774221 4.93051008 0.944961 0.187834
-2.464489 -22.987154 5.07228808 0.945128 0.189118
-3.42149 -23.130823 2.33673308 0.944678 0.187859
-2.391988 -24.19774221 4.93051008 0.944961 0.187834
-0.799582 -22.988924 5.07081508 0.945701 0.189094
-2.464489 -22.987154 5.07228808 0.945128 0.189118
-2.391988 -24.19774221 4.93051008 0.944961 0.187834
-0.833414 -24.19950821 4.92903708 0.95296 0.056395
-0.799582 -22.988924 5.07081508 0.945701 0.189094
-2.391988 -24.19774221 4.93051008 0.944961 0.187834
-0.40808 -24.18938421 2.33525808 0.95688 0.70887
-0.833414 -24.19950821 4.92903708 0.95296 0.056395
-2.464489 -22.987154 5.07228808 0.945128 0.189118
-1.82747 -22.067366 2.37070208 0.97586 0.569269
-3.42149 -23.130823 2.33673308 0.944678 0.187859
-0.799582 -22.988924 5.07081508 0.945701 0.189094
-1.82747 -22.067366 2.37070208 0.97586 0.569269
-2.464489 -22.987154 5.07228808 0.945128 0.189118
-0.833414 -24.19950821 4.92903708 0.95296 0.056395
-0.374248 -23.132589 2.33525808 0.954122 0.056419
-0.799582 -22.988924 5.07081508 0.945701 0.189094
-0.833414 -24.19950821 4.92903708 0.95296 0.056395
-0.40808 -24.18938421 2.33525808 0.95688 0.70887
-0.374248 -23.132589 2.33525808 0.954122 0.056419
-0.374248 -23.132589 2.33525808 0.954122 0.056419
-1.82747 -22.067366 2.37070208 0.97586 0.569269
-0.799582 -22.988924 5.07081508 0.945701 0.189094
-0.40808 -24.18938421 2.33525808 0.95688 0.70887
-0.374248 -22.840923 -0.50032992 0.958498 0.962641
-0.374248 -23.132589 2.33525808 0.954122 0.056419
-0.40808 -24.18938421 2.33525808 0.95688 0.70887
-0.4071 -24.18761421 -0.50180592 0.9692 0.853041
-0.374248 -22.840923 -0.50032992 0.958498 0.962641
-0.374248 -22.840923 -0.50032992 0.958498 0.962641
-0.4071 -24.18761421 -0.50180592 0.9692 0.853041
-1.824877 -24.18761421 -3.02269492 0.924795 0.853041
-0.374248 -22.840923 -0.50032992 0.958498 0.962641
-1.82747 -22.067366 2.37070208 0.97586 0.569269
-0.374248 -23.132589 2.33525808 0.954122 0.056419
-0.374248 -22.840923 -0.50032992 0.958498 0.962641
-1.791045 -21.268715 0.99067108 0.975861 0.569269
-1.82747 -22.067366 2.37070208 0.97586 0.569269
-1.82747 -22.067366 2.37070208 0.97586 0.569269
-1.791045 -21.268715 0.99067108 0.975861 0.569269
-3.42149 -22.839157 -0.49885492 0.928768 0.962641
