-0.034234 16.916937 -2.897442 0.513 0.478334
-2.952458 16.908455 -2.103936 0.875143 0.533017
-0.034234 21.708023 -3.070415 0.519158 0.412988
-0.034234 16.916937 -2.897442 0.513 0.478334
0.0 14.575473 -3.713556 0.173415 0.560502
-2.952458 16.908455 -2.103936 0.875143 0.533017
-0.034234 21.708023 -3.070415 0.519158 0.412988
2.88399 16.908455 -2.103936 0.519237 0.412987
-0.034234 16.916937 -2.897442 0.513 0.478334
-0.034234 21.708023 -3.070415 0.519158 0.412988
2.639955 21.617081 -1.795643 0.525399 0.672575
2.88399 16.908455 -2.103936 0.519237 0.412987
-0.034234 21.708023 -3.070415 0.519158 0.412988
4.275024 25.869133 -1.839077 0.57554 0.651071
2.639955 21.617081 -1.795643 0.525399 0.672575
-0.034234 21.708023 -3.070415 0.519158 0.412988
-1.425274 25.408356 -3.42592 0.935795 0.377379
1.356805 25.408356 -3.42592 0.567276 0.776194
2.88399 16.908455 -2.103936 0.519237 0.412987
0.0 14.575473 -3.713556 0.173415 0.560502
-0.034234 16.916937 -2.897442 0.513 0.478334
2.88399 16.908455 -2.103936 0.519237 0.412987
3.09789 14.851776 -2.841912 0.191677 0.538773
0.0 14.575473 -3.713556 0.173415 0.560502
2.88399 16.908455 -2.103936 0.519237 0.412987
5.134254 16.158787 -0.587972 0.192575 0.209995
3.09789 14.851776 -2.841912 0.191677 0.538773
2.639955 21.617081 -1.795643 0.525399 0.672575
4.221472 21.887924 -0.341568 0.527311 0.640748
2.88399 16.908455 -2.103936 0.519237 0.412987
2.639955 21.617081 -1.795643 0.525399 0.672575
4.275024 25.869133 -1.839077 0.57554 0.651071
4.221472 21.887924 -0.341568 0.527311 0.640748
4.221472 21.887924 -0.341568 0.527311 0.640748
4.519378 18.206144 0.245026 0.537628 0.806599
2.88399 16.908455 -2.103936 0.519237 0.412987
4.221472 21.887924 -0.341568 0.527311 0.640748
3.28329 17.680433 2.414114 0.540234 0.584993
4.519378 18.206144 0.245026 0.537628 0.806599
4.221472 21.887924 -0.341568 0.527311 0.640748
2.663687 22.107859 2.571445 0.547002 0.698669
3.28329 17.680433 2.414114 0.540234 0.584993
4.221472 21.887924 -0.341568 0.527311 0.640748
3.991781 23.09161119 1.684389 0.674488 0.772592
2.663687 22.107859 2.571445 0.547002 0.698669
4.221472 21.887924 -0.341568 0.527311 0.640748
4.851677 26.425774 0.902817 0.747992 0.920784
3.991781 23.09161119 1.684389 0.674488 0.772592
4.519378 18.206144 0.245026 0.537628 0.806599
5.134254 16.158787 -0.587972 0.192575 0.209995
2.88399 16.908455 -2.103936 0.519237 0.412987
4.519378 18.206144 0.245026 0.537628 0.806599
4.445454 15.564531 -0.293815 0.208202 0.222087
5.134254 16.158787 -0.587972 0.192575 0.209995
4.519378 18.206144 0.245026 0.537628 0.806599
4.445454 15.564531 0.831666 0.20829 0.222087
4.445454 15.564531 -0.293815 0.208202 0.222087
3.28329 17.680433 2.414114 0.540234 0.584993
5.134254 16.162388 1.095238 0.193345 0.121694
4.519378 18.206144 0.245026 0.537628 0.806599
3.28329 17.680433 2.414114 0.540234 0.584993
3.491829 15.314223 2.903869 0.207601 0.441608
5.134254 16.162388 1.095238 0.193345 0.121694
2.663687 22.107859 2.571445 0.547002 0.698669
3.09789 22.39827 3.3088006 0.636447 0.572839
-0.034234 22.248154 3.442589 0.632362 0.473116
2.663687 22.107859 2.571445 0.547002 0.698669
3.991781 23.09161119 1.684389 0.674488 0.772592
3.09789 22.39827 3.3088006 0.636447 0.572839
2.663687 22.107859 2.571445 0.547002 0.698669
-0.023871 21.568787 3.234767 0.063234 0.230823
3.28329 17.680433 2.414114 0.540234 0.584993
1.356805 25.408356 -3.42592 0.567276 0.776194
4.275024 25.869133 -1.839077 0.57554 0.651071
-0.034234 21.708023 -3.070415 0.519158 0.412988
1.356805 25.408356 -3.42592 0.567276 0.776194
3.785791 28.628496 -2.53719566 0.625183 0.665311
4.275024 25.869133 -1.839077 0.57554 0.651071
1.356805 25.408356 -3.42592 0.567276 0.776194
-0.034234 28.623903 -3.427454 0.625535 0.974011
3.785791 28.628496 -2.53719566 0.625183 0.665311
1.356805 25.408356 -3.42592 0.567276 0.776194
-1.425274 25.408356 -3.42592 0.935795 0.377379
-0.034234 28.623903 -3.427454 0.625535 0.974011
4.275024 25.869133 -1.839077 0.57554 0.651071
4.605354 25.571831 -0.615608 0.597424 0.74867
4.221472 21.887924 -0.341568 0.527311 0.640748
4.275024 25.869133 -1.839077 0.57554 0.651071
4.850266 26.425774 -1.875794 0.632238 0.872324
4.605354 25.571831 -0.615608 0.597424 0.74867
4.275024 25.869133 -1.839077 0.57554 0.651071
4.828043 28.639359 -1.876721 0.098589 0.598674
4.850266 26.425774 -1.875794 0.632238 0.872324
4.605354 25.571831 -0.615608 0.597424 0.74867
4.851677 26.425774 0.902817 0.747992 0.920784
4.221472 21.887924 -0.341568 0.527311 0.640748
4.605354 25.571831 -0.615608 0.597424 0.74867
5.615438 24.577065 -1.936556 0.294725 0.367882
4.73439 24.577065 -0.653585 0.294696 0.203601
4.605354 25.571831 -0.615608 0.597424 0.74867
5.615438 24.577065 1.172436 0.324633 0.440423
4.851677 26.425774 0.902817 0.747992 0.920784
3.785791 28.628496 -2.53719566 0.625183 0.665311
4.828043 28.639359 -1.876721 0.098589 0.598674
4.275024 25.869133 -1.839077 0.57554 0.651071
3.785791 28.628496 -2.53719566 0.625183 0.665311
4.711539 29.011053 -2.122785 0.103417 0.694315
4.828043 28.639359 -1.876721 0.098589 0.598674
3.785791 28.628496 -2.53719566 0.625183 0.665311
0.867587 29.006622 -3.629631 0.155223 0.319507
4.711539 29.011053 -2.122785 0.103417 0.694315
-0.034234 28.623903 -3.427454 0.625535 0.974011
-0.920292 29.006622 -3.629629 0.155135 0.319507
-0.923077 30.784126 -2.032309 0.147701 0.687448
-0.034234 28.623903 -3.427454 0.625535 0.974011
0.867587 29.006622 -3.629631 0.155223 0.319507
3.785791 28.628496 -2.53719566 0.625183 0.665311
4.850266 26.425774 -1.875794 0.632238 0.872324
5.615438 24.577065 -1.936556 0.294725 0.367882
4.605354 25.571831 -0.615608 0.597424 0.74867
4.850266 26.425774 -1.875794 0.632238 0.872324
6.405343 28.143568 -1.993508 0.301855 0.678453
5.615438 24.577065 -1.936556 0.294725 0.367882
-0.034234 22.248154 3.442589 0.632362 0.473116
-3.166357 22.39827 3.3088006 0.009002 0.796735
-2.732155 22.107859 2.571445 0.931157 0.706596
-0.034234 22.248154 3.442589 0.632362 0.473116
-2.969895 23.621319 4.4318796 0.023202 0.923777
-3.166357 22.39827 3.3088006 0.009002 0.796735
-0.034234 22.248154 3.442589 0.632362 0.473116
-0.023871 21.568787 3.234767 0.063234 0.230823
2.663687 22.107859 2.571445 0.547002 0.698669
3.09789 22.39827 3.3088006 0.636447 0.572839
2.901426 23.621319 4.4318806 0.691099 0.651427
-0.034234 22.248154 3.442589 0.632362 0.473116
3.09789 22.39827 3.3088006 0.636447 0.572839
3.805123 23.238981 3.5227776 0.721598 0.986496
2.901426 23.621319 4.4318806 0.691099 0.651427
3.991781 23.09161119 1.684389 0.674488 0.772592
3.805123 23.238981 3.5227776 0.721598 0.986496
3.09789 22.39827 3.3088006 0.636447 0.572839
3.991781 23.09161119 1.684389 0.674488 0.772592
4.37426 24.319899 3.3726546 0.767557 0.565382
3.805123 23.238981 3.5227776 0.721598 0.986496
3.991781 23.09161119 1.684389 0.674488 0.772592
4.632954 24.400307 2.2098326 0.777414 0.86908
4.37426 24.319899 3.3726546 0.767557 0.565382
2.901426 23.621319 4.4318806 0.691099 0.651427
-0.034234 23.709606 4.45684621 0.712451 0.858434
-0.034234 22.248154 3.442589 0.632362 0.473116
2.901426 23.621319 4.4318806 0.691099 0.651427
3.006249 25.196758 4.6990796 0.778302 0.717138
-0.034234 23.709606 4.45684621 0.712451 0.858434
-0.034234 23.709606 4.45684621 0.712451 0.858434
-2.969895 23.621319 4.4318796 0.023202 0.923777
-0.034234 22.248154 3.442589 0.632362 0.473116
-0.034234 23.709606 4.45684621 0.712451 0.858434
-3.074718 25.196758 4.6990786 0.04463 0.319507
-2.969895 23.621319 4.4318796 0.023202 0.923777
3.805123 23.238981 3.5227776 0.721598 0.986496
4.37426 24.319899 3.3726546 0.767557 0.565382
2.901426 23.621319 4.4318806 0.691099 0.651427
4.851677 26.425774 0.902817 0.747992 0.920784
4.632954 24.400307 2.2098326 0.777414 0.86908
3.991781 23.09161119 1.684389 0.674488 0.772592
4.851677 26.425774 0.902817 0.747992 0.920784
4.425481 25.855764 2.6151646 0.784972 0.940973
4.632954 24.400307 2.2098326 0.777414 0.86908
4.851677 26.425774 0.902817 0.747992 0.920784
3.790697 26.881483 2.410603 0.827053 0.899494
4.425481 25.855764 2.6151646 0.784972 0.940973
4.851677 26.425774 0.902817 0.747992 0.920784
4.845006 28.18615 1.553972 0.862314 0.782788
3.790697 26.881483 2.410603 0.827053 0.899494
4.851677 26.425774 0.902817 0.747992 0.920784
5.805345 28.74357 1.058531 0.212027 0.304085
4.845006 28.18615 1.553972 0.862314 0.782788
4.851677 26.425774 0.902817 0.747992 0.920784
5.615438 24.577065 1.172436 0.324633 0.440423
5.805345 28.74357 1.058531 0.212027 0.304085
4.37426 24.319899 3.3726546 0.767557 0.565382
3.006249 25.196758 4.6990796 0.778302 0.717138
2.901426 23.621319 4.4318806 0.691099 0.651427
4.37426 24.319899 3.3726546 0.767557 0.565382
4.01342 25.823391 3.67633389 0.788209 0.602627
3.006249 25.196758 4.6990796 0.778302 0.717138
4.632954 24.400307 2.2098326 0.777414 0.86908
4.425481 25.855764 2.6151646 0.784972 0.940973
4.37426 24.319899 3.3726546 0.767557 0.565382
3.006249 25.196758 4.6990796 0.778302 0.717138
-0.034234 24.645718 4.38241321 0.784942 0.940973
-0.034234 23.709606 4.45684621 0.712451 0.858434
3.006249 25.196758 4.6990796 0.778302 0.717138
2.540267 25.789211 4.2623006 0.794147 0.623797
-0.034234 24.645718 4.38241321 0.784942 0.940973
-0.034234 24.645718 4.38241321 0.784942 0.940973
-3.074718 25.196758 4.6990786 0.04463 0.319507
-0.034234 23.709606 4.45684621 0.712451 0.858434
-0.034234 24.645718 4.38241321 0.784942 0.940973
-2.608736 25.789211 4.2623016 0.047938 0.802031
-3.074718 25.196758 4.6990786 0.04463 0.319507
4.425481 25.855764 2.6151646 0.784972 0.940973
4.01342 25.823391 3.67633389 0.788209 0.602627
4.37426 24.319899 3.3726546 0.767557 0.565382
4.425481 25.855764 2.6151646 0.784972 0.940973
3.790697 26.881483 2.410603 0.827053 0.899494
4.01342 25.823391 3.67633389 0.788209 0.602627
4.01342 25.823391 3.67633389 0.788209 0.602627
2.540267 25.789211 4.2623006 0.794147 0.623797
3.006249 25.196758 4.6990796 0.778302 0.717138
4.01342 25.823391 3.67633389 0.788209 0.602627
2.775203 27.131765 2.92185387 0.849591 0.573915
2.540267 25.789211 4.2623006 0.794147 0.623797
2.540267 25.789211 4.2623006 0.794147 0.623797
-0.034234 26.115753 3.56415839 0.798172 0.814493
-0.034234 24.645718 4.38241321 0.784942 0.940973
2.540267 25.789211 4.2623006 0.794147 0.623797
2.775203 27.131765 2.92185387 0.849591 0.573915
-0.034234 26.115753 3.56415839 0.798172 0.814493
-0.034234 26.115753 3.56415839 0.798172 0.814493
-2.608736 25.789211 4.2623016 0.047938 0.802031
-0.034234 24.645718 4.38241321 0.784942 0.940973
-0.034234 26.115753 3.56415839 0.798172 0.814493
-2.843671 27.131765 2.92185387 0.054035 0.942581
-2.608736 25.789211 4.2623016 0.047938 0.802031
-0.034234 26.115753 3.56415839 0.798172 0.814493
-1.79868 27.431166 2.798284 0.057676 0.602802
-2.843671 27.131765 2.92185387 0.054035 0.942581
-0.034234 26.115753 3.56415839 0.798172 0.814493
-0.019807 27.692942 2.73454196 0.155032 0.635939
-1.79868 27.431166 2.798284 0.057676 0.602802
3.790697 26.881483 2.410603 0.827053 0.899494
2.775203 27.131765 2.92185387 0.849591 0.573915
4.01342 25.823391 3.67633389 0.788209 0.602627
3.790697 26.881483 2.410603 0.827053 0.899494
4.845006 28.18615 1.553972 0.862314 0.782788
2.775203 27.131765 2.92185387 0.849591 0.573915
2.775203 27.131765 2.92185387 0.849591 0.573915
1.735599 27.432041 2.798284 0.860119 0.66016
-0.034234 26.115753 3.56415839 0.798172 0.814493
2.775203 27.131765 2.92185387 0.849591 0.573915
4.845006 28.18615 1.553972 0.862314 0.782788
1.735599 27.432041 2.798284 0.860119 0.66016
1.735599 27.432041 2.798284 0.860119 0.66016
-0.019807 27.692942 2.73454196 0.155032 0.635939
-0.034234 26.115753 3.56415839 0.798172 0.814493
4.845006 28.18615 1.553972 0.862314 0.782788
1.534573 28.137028 3.030769 0.112626 0.942385
1.735599 27.432041 2.798284 0.860119 0.66016
4.845006 28.18615 1.553972 0.862314 0.782788
5.805345 28.74357 1.058531 0.212027 0.304085
4.867854 28.647568 1.35156 0.09487 0.362585
-2.952458 16.908455 -2.103936 0.875143 0.533017
-2.708424 21.617081 -1.795643 0.877029 0.57871
-0.034234 21.708023 -3.070415 0.519158 0.412988
-2.952458 16.908455 -2.103936 0.875143 0.533017
-4.28994 21.887924 -0.341568 0.884671 0.858224
-2.708424 21.617081 -1.795643 0.877029 0.57871
-2.952458 16.908455 -2.103936 0.875143 0.533017
-4.587847 18.206144 0.245026 0.894593 0.986286
-4.28994 21.887924 -0.341568 0.884671 0.858224
-2.952458 16.908455 -2.103936 0.875143 0.533017
-5.186958 16.158543 -0.587798 0.191831 0.538773
-4.587847 18.206144 0.245026 0.894593 0.986286
-2.708424 21.617081 -1.795643 0.877029 0.57871
-4.343493 25.869133 -1.839077 0.931157 0.843772
-0.034234 21.708023 -3.070415 0.519158 0.412988
-4.28994 21.887924 -0.341568 0.884671 0.858224
-4.343493 25.869133 -1.839077 0.931157 0.843772
-2.708424 21.617081 -1.795643 0.877029 0.57871
-4.28994 21.887924 -0.341568 0.884671 0.858224
-4.674973 25.571831 -0.615608 0.997331 0.533129
-4.343493 25.869133 -1.839077 0.931157 0.843772
-4.28994 21.887924 -0.341568 0.884671 0.858224
-4.921296 26.425774 0.902817 0.023936 0.939342
-4.674973 25.571831 -0.615608 0.997331 0.533129
-4.587847 18.206144 0.245026 0.894593 0.986286
-3.351758 17.680433 2.414114 0.931157 0.636429
-4.28994 21.887924 -0.341568 0.884671 0.858224
-4.587847 18.206144 0.245026 0.894593 0.986286
-5.186958 16.166389 1.095238 0.192956 0.121694
-3.351758 17.680433 2.414114 0.931157 0.636429
-4.587847 18.206144 0.245026 0.894593 0.986286
-4.5 15.563846 0.831472 0.211939 0.304085
-5.186958 16.166389 1.095238 0.192956 0.121694
-3.351758 17.680433 2.414114 0.931157 0.636429
-2.732155 22.107859 2.571445 0.931157 0.706596
-4.28994 21.887924 -0.341568 0.884671 0.858224
-3.351758 17.680433 2.414114 0.931157 0.636429
-0.023871 21.568787 3.234767 0.063234 0.230823
-2.732155 22.107859 2.571445 0.931157 0.706596
-3.351758 17.680433 2.414114 0.931157 0.636429
-0.034234 17.570154 3.626669 0.063722 0.515153
-0.023871 21.568787 3.234767 0.063234 0.230823
-3.351758 17.680433 2.414114 0.931157 0.636429
0.0 14.921062 4.3551 0.162848 0.357176
-0.034234 17.570154 3.626669 0.063722 0.515153
-3.351758 17.680433 2.414114 0.931157 0.636429
-3.574837 15.31344 2.903869 0.19377 0.209995
0.0 14.921062 4.3551 0.162848 0.357176
-2.732155 22.107859 2.571445 0.931157 0.706596
-4.060249 23.09161119 1.684389 0.01583 0.7372
-4.28994 21.887924 -0.341568 0.884671 0.858224
-2.732155 22.107859 2.571445 0.931157 0.706596
-0.023871 21.568787 3.234767 0.063234 0.230823
-0.034234 22.248154 3.442589 0.632362 0.473116
-4.343493 25.869133 -1.839077 0.931157 0.843772
-1.425274 25.408356 -3.42592 0.935795 0.377379
-0.034234 21.708023 -3.070415 0.519158 0.412988
-4.343493 25.869133 -1.839077 0.931157 0.843772
-3.854259 28.628496 -2.53832566 1.0 0.782788
-1.425274 25.408356 -3.42592 0.935795 0.377379
-4.343493 25.869133 -1.839077 0.931157 0.843772
-4.894412 28.639359 -1.876721 0.133861 0.366088
-3.854259 28.628496 -2.53832566 1.0 0.782788
-1.425274 25.408356 -3.42592 0.935795 0.377379
-3.854259 28.628496 -2.53832566 1.0 0.782788
-0.034234 28.623903 -3.427454 0.625535 0.974011
-4.674973 25.571831 -0.615608 0.997331 0.533129
-4.919031 26.425774 -1.875794 0.004859 0.830291
-4.343493 25.869133 -1.839077 0.931157 0.843772
-4.674973 25.571831 -0.615608 0.997331 0.533129
-5.690439 24.577065 -1.936556 0.406637 0.519741
-4.919031 26.425774 -1.875794 0.004859 0.830291
-4.674973 25.571831 -0.615608 0.997331 0.533129
-4.809391 24.577065 -0.653585 0.406765 0.587237
-5.690439 24.577065 -1.936556 0.406637 0.519741
-4.674973 25.571831 -0.615608 0.997331 0.533129
-5.690439 24.577065 1.172436 0.455405 0.600258
-4.809391 24.577065 -0.653585 0.406765 0.587237
-3.854259 28.628496 -2.53832566 1.0 0.782788
-0.920292 29.006622 -3.629629 0.155135 0.319507
-0.034234 28.623903 -3.427454 0.625535 0.974011
-4.919031 26.425774 -1.875794 0.004859 0.830291
-4.894412 28.639359 -1.876721 0.133861 0.366088
-4.343493 25.869133 -1.839077 0.931157 0.843772
-4.919031 26.425774 -1.875794 0.004859 0.830291
-6.480343 28.143568 -1.993508 0.430838 0.615631
-4.894412 28.639359 -1.876721 0.133861 0.366088
-3.166357 22.39827 3.3088006 0.009002 0.796735
-4.060249 23.09161119 1.684389 0.01583 0.7372
-2.732155 22.107859 2.571445 0.931157 0.706596
-3.166357 22.39827 3.3088006 0.009002 0.796735
-3.873594 23.238981 3.5227776 0.023416 0.864395
-4.060249 23.09161119 1.684389 0.01583 0.7372
-4.060249 23.09161119 1.684389 0.01583 0.7372
-4.921296 26.425774 0.902817 0.023936 0.939342
-4.28994 21.887924 -0.341568 0.884671 0.858224
-4.060249 23.09161119 1.684389 0.01583 0.7372
-4.701425 24.400307 2.2098326 0.043332 0.210083
-4.921296 26.425774 0.902817 0.023936 0.939342
-2.969895 23.621319 4.4318796 0.023202 0.923777
-3.873594 23.238981 3.5227776 0.023416 0.864395
-3.166357 22.39827 3.3088006 0.009002 0.796735
-2.969895 23.621319 4.4318796 0.023202 0.923777
-4.442731 24.319899 3.3726546 0.035182 0.67183
-3.873594 23.238981 3.5227776 0.023416 0.864395
-2.969895 23.621319 4.4318796 0.023202 0.923777
-3.074718 25.196758 4.6990786 0.04463 0.319507
-4.442731 24.319899 3.3726546 0.035182 0.67183
-3.873594 23.238981 3.5227776 0.023416 0.864395
-4.442731 24.319899 3.3726546 0.035182 0.67183
-4.060249 23.09161119 1.684389 0.01583 0.7372
-4.921296 26.425774 0.902817 0.023936 0.939342
-5.690439 24.577065 1.172436 0.455405 0.600258
-4.674973 25.571831 -0.615608 0.997331 0.533129
-4.442731 24.319899 3.3726546 0.035182 0.67183
-4.701425 24.400307 2.2098326 0.043332 0.210083
-4.060249 23.09161119 1.684389 0.01583 0.7372
-4.442731 24.319899 3.3726546 0.035182 0.67183
-4.493951 25.855764 2.6151646 0.046205 0.305286
-4.701425 24.400307 2.2098326 0.043332 0.210083
-4.442731 24.319899 3.3726546 0.035182 0.67183
-4.145691 25.823391 3.67633389 0.047352 0.991595
-4.493951 25.855764 2.6151646 0.046205 0.305286
-4.701425 24.400307 2.2098326 0.043332 0.210083
-4.493951 25.855764 2.6151646 0.046205 0.305286
-4.921296 26.425774 0.902817 0.023936 0.939342
-3.074718 25.196758 4.6990786 0.04463 0.319507
-4.145691 25.823391 3.67633389 0.047352 0.991595
-4.442731 24.319899 3.3726546 0.035182 0.67183
-3.074718 25.196758 4.6990786 0.04463 0.319507
-2.608736 25.789211 4.2623016 0.047938 0.802031
-4.145691 25.823391 3.67633389 0.047352 0.991595
-4.493951 25.855764 2.6151646 0.046205 0.305286
-3.859167 26.881483 2.410603 0.053486 0.755947
-4.921296 26.425774 0.902817 0.023936 0.939342
-4.145691 25.823391 3.67633389 0.047352 0.991595
-3.859167 26.881483 2.410603 0.053486 0.755947
-4.493951 25.855764 2.6151646 0.046205 0.305286
-4.145691 25.823391 3.67633389 0.047352 0.991595
-2.843671 27.131765 2.92185387 0.054035 0.942581
-3.859167 26.881483 2.410603 0.053486 0.755947
-2.608736 25.789211 4.2623016 0.047938 0.802031
-2.843671 27.131765 2.92185387 0.054035 0.942581
-4.145691 25.823391 3.67633389 0.047352 0.991595
-3.859167 26.881483 2.410603 0.053486 0.755947
-4.913726 28.18615 1.553972 0.059701 0.135841
-4.921296 26.425774 0.902817 0.023936 0.939342
-2.843671 27.131765 2.92185387 0.054035 0.942581
-4.913726 28.18615 1.553972 0.059701 0.135841
-3.859167 26.881483 2.410603 0.053486 0.755947
-1.79868 27.431166 2.798284 0.057676 0.602802
-4.913726 28.18615 1.553972 0.059701 0.135841
-2.843671 27.131765 2.92185387 0.054035 0.942581
-1.79868 27.431166 2.798284 0.057676 0.602802
-1.592265 28.137028 3.030769 0.141677 0.210083
-4.913726 28.18615 1.553972 0.059701 0.135841
-1.79868 27.431166 2.798284 0.057676 0.602802
-0.019807 27.692942 2.73454196 0.155032 0.635939
-1.592265 28.137028 3.030769 0.141677 0.210083
-4.913726 28.18615 1.553972 0.059701 0.135841
-4.769231 28.791822 1.677215 0.133947 0.230823
-4.936124 28.647568 1.35156 0.13386 0.230823
-4.913726 28.18615 1.553972 0.059701 0.135841
-1.592265 28.137028 3.030769 0.141677 0.210083
-4.769231 28.791822 1.677215 0.133947 0.230823
-4.913726 28.18615 1.553972 0.059701 0.135841
-5.880345 28.74357 1.058531 0.325874 0.516918
-4.921296 26.425774 0.902817 0.023936 0.939342
-0.023871 21.568787 3.234767 0.063234 0.230823
-0.034234 17.570154 3.626669 0.063722 0.515153
3.28329 17.680433 2.414114 0.540234 0.584993
-0.034234 17.570154 3.626669 0.063722 0.515153
0.0 14.921062 4.3551 0.162848 0.357176
3.28329 17.680433 2.414114 0.540234 0.584993
5.32688 30.223158 -0.766667 0.081226 0.836875
0.865385 30.784126 -2.032309 0.150889 0.305286
2.461538 30.545668 -0.589452 0.083176 0.691752
2.461538 30.545668 -0.589452 0.083176 0.691752
5.32688 30.209055 0.3 0.086161 0.982397
5.32688 30.223158 -0.766667 0.081226 0.836875
2.461538 30.545668 -0.589452 0.083176 0.691752
2.149957 30.459053 0.633333 0.087132 0.445139
5.32688 30.209055 0.3 0.086161 0.982397
2.461538 30.545668 -0.589452 0.083176 0.691752
1.705882 32.23315 -2.450742 0.673475 0.570245
3.0 32.20977 -0.722785 0.674425 0.570245
2.461538 30.545668 -0.589452 0.083176 0.691752
2.647059 31.935562 0.777215 0.676827 0.799134
2.149957 30.459053 0.633333 0.087132 0.445139
5.32688 30.209055 0.3 0.086161 0.982397
5.455067 29.882553 -0.234326 0.091834 0.782273
5.32688 30.223158 -0.766667 0.081226 0.836875
5.32688 30.209055 0.3 0.086161 0.982397
4.867854 28.647568 1.35156 0.09487 0.362585
5.455067 29.882553 -0.234326 0.091834 0.782273
5.32688 30.209055 0.3 0.086161 0.982397
4.711539 28.791822 1.677215 0.101197 0.53898
4.867854 28.647568 1.35156 0.09487 0.362585
5.32688 30.209055 0.3 0.086161 0.982397
1.534573 28.137028 3.030769 0.112626 0.942385
4.711539 28.791822 1.677215 0.101197 0.53898
5.32688 30.209055 0.3 0.086161 0.982397
1.880727 30.071873 1.6 0.115098 0.444371
1.534573 28.137028 3.030769 0.112626 0.942385
2.149957 30.459053 0.633333 0.087132 0.445139
1.880727 30.071873 1.6 0.115098 0.444371
5.32688 30.209055 0.3 0.086161 0.982397
2.149957 30.459053 0.633333 0.087132 0.445139
3.058824 30.666632 2.077215 0.677697 0.799134
1.880727 30.071873 1.6 0.115098 0.444371
5.455067 29.882553 -0.234326 0.091834 0.782273
4.828043 28.639359 -1.876721 0.098589 0.598674
5.32688 30.223158 -0.766667 0.081226 0.836875
5.455067 29.882553 -0.234326 0.091834 0.782273
5.805345 28.74357 1.058531 0.212027 0.304085
6.521627 29.505226 -0.243442 0.324817 0.160575
5.455067 29.882553 -0.234326 0.091834 0.782273
6.521627 29.505226 -0.243442 0.324817 0.160575
4.828043 28.639359 -1.876721 0.098589 0.598674
4.867854 28.647568 1.35156 0.09487 0.362585
4.711539 28.791822 1.677215 0.101197 0.53898
4.845006 28.18615 1.553972 0.862314 0.782788
4.867854 28.647568 1.35156 0.09487 0.362585
5.805345 28.74357 1.058531 0.212027 0.304085
5.455067 29.882553 -0.234326 0.091834 0.782273
4.828043 28.639359 -1.876721 0.098589 0.598674
4.711539 29.011053 -2.122785 0.103417 0.694315
5.32688 30.223158 -0.766667 0.081226 0.836875
4.828043 28.639359 -1.876721 0.098589 0.598674
6.405343 28.143568 -1.993508 0.301855 0.678453
4.850266 26.425774 -1.875794 0.632238 0.872324
4.828043 28.639359 -1.876721 0.098589 0.598674
6.521627 29.505226 -0.243442 0.324817 0.160575
6.405343 28.143568 -1.993508 0.301855 0.678453
4.711539 28.791822 1.677215 0.101197 0.53898
1.534573 28.137028 3.030769 0.112626 0.942385
4.845006 28.18615 1.553972 0.862314 0.782788
4.711539 29.011053 -2.122785 0.103417 0.694315
0.865385 30.784126 -2.032309 0.150889 0.305286
5.32688 30.223158 -0.766667 0.081226 0.836875
1.534573 28.137028 3.030769 0.112626 0.942385
-0.019807 27.692942 2.73454196 0.155032 0.635939
1.735599 27.432041 2.798284 0.860119 0.66016
1.880727 30.071873 1.6 0.115098 0.444371
1.294118 30.068592 1.610548 0.119351 0.367284
1.534573 28.137028 3.030769 0.112626 0.942385
1.880727 30.071873 1.6 0.115098 0.444371
2.764706 30.870554 2.410548 0.671925 0.41653
1.294118 30.068592 1.610548 0.119351 0.367284
1.880727 30.071873 1.6 0.115098 0.444371
3.058824 30.666632 2.077215 0.677697 0.799134
2.764706 30.870554 2.410548 0.671925 0.41653
1.294118 30.068592 1.610548 0.119351 0.367284
-0.019807 28.683466 2.027778 0.150977 0.305286
1.534573 28.137028 3.030769 0.112626 0.942385
1.294118 30.068592 1.610548 0.119351 0.367284
2.764706 30.870554 2.410548 0.671925 0.41653
2.352941 32.153214 0.910548 0.670989 0.41653
1.294118 30.068592 1.610548 0.119351 0.367284
-0.028846 30.526581 1.448229 0.740175 0.699349
-0.019807 28.683466 2.027778 0.150977 0.305286
-5.384573 30.209055 0.3 0.119865 0.597778
-2.20765 30.459053 0.633333 0.126133 0.135841
-2.519231 30.545668 -0.589452 0.122966 0.874795
-5.384573 30.209055 0.3 0.119865 0.597778
-1.938419 30.071873 1.6 0.144727 0.542055
-2.20765 30.459053 0.633333 0.126133 0.135841
-2.519231 30.545668 -0.589452 0.122966 0.874795
-5.384573 30.223158 -0.766667 0.125902 0.135841
-5.384573 30.209055 0.3 0.119865 0.597778
-2.519231 30.545668 -0.589452 0.122966 0.874795
-0.923077 30.784126 -2.032309 0.147701 0.687448
-5.384573 30.223158 -0.766667 0.125902 0.135841
-2.519231 30.545668 -0.589452 0.122966 0.874795
-1.763575 32.23315 -2.450742 0.710013 0.727226
-0.923077 30.784126 -2.032309 0.147701 0.687448
-2.519231 30.545668 -0.589452 0.122966 0.874795
-2.704751 31.935562 0.777215 0.71083 0.727226
-3.057693 32.20977 -0.722785 0.707197 0.112332
-5.384573 30.223158 -0.766667 0.125902 0.135841
-5.523337 29.882553 -0.234326 0.126241 0.825508
-5.384573 30.209055 0.3 0.119865 0.597778
-5.384573 30.223158 -0.766667 0.125902 0.135841
-4.894412 28.639359 -1.876721 0.133861 0.366088
-5.523337 29.882553 -0.234326 0.126241 0.825508
-5.384573 30.223158 -0.766667 0.125902 0.135841
-4.769231 29.011053 -2.122785 0.141246 0.210083
-4.894412 28.639359 -1.876721 0.133861 0.366088
-5.384573 30.223158 -0.766667 0.125902 0.135841
-0.923077 30.784126 -2.032309 0.147701 0.687448
-4.769231 29.011053 -2.122785 0.141246 0.210083
-2.20765 30.459053 0.633333 0.126133 0.135841
-2.704751 31.935562 0.777215 0.71083 0.727226
-2.519231 30.545668 -0.589452 0.122966 0.874795
-2.20765 30.459053 0.633333 0.126133 0.135841
-3.116516 30.666632 2.077215 0.711866 0.241902
-2.704751 31.935562 0.777215 0.71083 0.727226
-5.523337 29.882553 -0.234326 0.126241 0.825508
-4.936124 28.647568 1.35156 0.13386 0.230823
-5.384573 30.209055 0.3 0.119865 0.597778
-5.523337 29.882553 -0.234326 0.126241 0.825508
-5.880345 28.74357 1.058531 0.325874 0.516918
-4.936124 28.647568 1.35156 0.13386 0.230823
-4.936124 28.647568 1.35156 0.13386 0.230823
-4.769231 28.791822 1.677215 0.133947 0.230823
-5.384573 30.209055 0.3 0.119865 0.597778
-4.936124 28.647568 1.35156 0.13386 0.230823
-5.880345 28.74357 1.058531 0.325874 0.516918
-4.913726 28.18615 1.553972 0.059701 0.135841
-4.894412 28.639359 -1.876721 0.133861 0.366088
-4.769231 29.011053 -2.122785 0.141246 0.210083
-3.854259 28.628496 -2.53832566 1.0 0.782788
-4.894412 28.639359 -1.876721 0.133861 0.366088
-6.596627 29.505226 -0.243442 0.4571 0.499549
-5.523337 29.882553 -0.234326 0.126241 0.825508
-4.769231 28.791822 1.677215 0.133947 0.230823
-1.592265 28.137028 3.030769 0.141677 0.210083
-5.384573 30.209055 0.3 0.119865 0.597778
-4.769231 29.011053 -2.122785 0.141246 0.210083
-0.923077 30.784126 -2.032309 0.147701 0.687448
-0.920292 29.006622 -3.629629 0.155135 0.319507
-4.769231 29.011053 -2.122785 0.141246 0.210083
-0.920292 29.006622 -3.629629 0.155135 0.319507
-3.854259 28.628496 -2.53832566 1.0 0.782788
-1.592265 28.137028 3.030769 0.141677 0.210083
-1.938419 30.071873 1.6 0.144727 0.542055
-5.384573 30.209055 0.3 0.119865 0.597778
-1.592265 28.137028 3.030769 0.141677 0.210083
-0.019807 28.683466 2.027778 0.150977 0.305286
-1.35181 30.068592 1.610548 0.1418 0.445908
-1.592265 28.137028 3.030769 0.141677 0.210083
-0.019807 27.692942 2.73454196 0.155032 0.635939
-0.019807 28.683466 2.027778 0.150977 0.305286
-1.35181 30.068592 1.610548 0.1418 0.445908
-1.938419 30.071873 1.6 0.144727 0.542055
-1.592265 28.137028 3.030769 0.141677 0.210083
-1.35181 30.068592 1.610548 0.1418 0.445908
-2.822398 30.870554 2.410548 0.704488 0.709055
-1.938419 30.071873 1.6 0.144727 0.542055
-1.35181 30.068592 1.610548 0.1418 0.445908
-2.057693 30.468592 0.643882 0.734274 0.393701
-2.410634 32.153214 0.910548 0.703623 0.709055
-1.35181 30.068592 1.610548 0.1418 0.445908
-0.028846 30.526581 1.448229 0.740175 0.699349
-2.057693 30.468592 0.643882 0.734274 0.393701
-1.938419 30.071873 1.6 0.144727 0.542055
-3.116516 30.666632 2.077215 0.711866 0.241902
-2.20765 30.459053 0.633333 0.126133 0.135841
-0.923077 30.784126 -2.032309 0.147701 0.687448
0.865385 30.784126 -2.032309 0.150889 0.305286
-0.034234 28.623903 -3.427454 0.625535 0.974011
-0.923077 30.784126 -2.032309 0.147701 0.687448
1.705882 32.23315 -2.450742 0.673475 0.570245
0.865385 30.784126 -2.032309 0.150889 0.305286
-0.923077 30.784126 -2.032309 0.147701 0.687448
-1.763575 32.23315 -2.450742 0.710013 0.727226
1.705882 32.23315 -2.450742 0.673475 0.570245
0.865385 30.784126 -2.032309 0.150889 0.305286
0.867587 29.006622 -3.629631 0.155223 0.319507
-0.034234 28.623903 -3.427454 0.625535 0.974011
0.865385 30.784126 -2.032309 0.150889 0.305286
1.705882 32.23315 -2.450742 0.673475 0.570245
2.461538 30.545668 -0.589452 0.083176 0.691752
-0.019807 28.683466 2.027778 0.150977 0.305286
-0.019807 27.692942 2.73454196 0.155032 0.635939
1.534573 28.137028 3.030769 0.112626 0.942385
-0.019807 28.683466 2.027778 0.150977 0.305286
-0.028846 30.526581 1.448229 0.740175 0.699349
-1.35181 30.068592 1.610548 0.1418 0.445908
0.867587 29.006622 -3.629631 0.155223 0.319507
0.865385 30.784126 -2.032309 0.150889 0.305286
4.711539 29.011053 -2.122785 0.103417 0.694315
0.0 14.921062 4.3551 0.162848 0.357176
3.491829 15.314223 2.903869 0.207601 0.441608
3.28329 17.680433 2.414114 0.540234 0.584993
0.0 14.921062 4.3551 0.162848 0.357176
0.0 13.19632 0.265357 0.211976 0.319414
3.491829 15.314223 2.903869 0.207601 0.441608
0.0 14.575473 -3.713556 0.173415 0.560502
-3.150594 14.853324 -2.841912 0.175909 0.441608
-2.952458 16.908455 -2.103936 0.875143 0.533017
0.0 14.575473 -3.713556 0.173415 0.560502
0.0 13.19632 0.265357 0.211976 0.319414
-3.150594 14.853324 -2.841912 0.175909 0.441608
-3.150594 14.853324 -2.841912 0.175909 0.441608
-5.186958 16.158543 -0.587798 0.191831 0.538773
-2.952458 16.908455 -2.103936 0.875143 0.533017
-3.150594 14.853324 -2.841912 0.175909 0.441608
-4.5 15.563846 -0.293815 0.211615 0.558736
-5.186958 16.158543 -0.587798 0.191831 0.538773
-3.150594 14.853324 -2.841912 0.175909 0.441608
0.0 13.19632 0.265357 0.211976 0.319414
-4.5 15.563846 -0.293815 0.211615 0.558736
3.09789 14.851776 -2.841912 0.191677 0.538773
0.0 13.19632 0.265357 0.211976 0.319414
0.0 14.575473 -3.713556 0.173415 0.560502
-5.186958 16.158543 -0.587798 0.191831 0.538773
-4.5 15.563846 -0.293815 0.211615 0.558736
-4.587847 18.206144 0.245026 0.894593 0.986286
5.134254 16.158787 -0.587972 0.192575 0.209995
4.445454 15.564531 -0.293815 0.208202 0.222087
3.09789 14.851776 -2.841912 0.191677 0.538773
-5.186958 16.166389 1.095238 0.192956 0.121694
-3.574837 15.31344 2.903869 0.19377 0.209995
-3.351758 17.680433 2.414114 0.931157 0.636429
-5.186958 16.166389 1.095238 0.192956 0.121694
-4.5 15.563846 0.831472 0.211939 0.304085
-3.574837 15.31344 2.903869 0.19377 0.209995
5.134254 16.162388 1.095238 0.193345 0.121694
4.445454 15.564531 0.831666 0.20829 0.222087
4.519378 18.206144 0.245026 0.537628 0.806599
-3.574837 15.31344 2.903869 0.19377 0.209995
0.0 13.19632 0.265357 0.211976 0.319414
0.0 14.921062 4.3551 0.162848 0.357176
3.491829 15.314223 2.903869 0.207601 0.441608
4.445454 15.564531 0.831666 0.20829 0.222087
5.134254 16.162388 1.095238 0.193345 0.121694
3.491829 15.314223 2.903869 0.207601 0.441608
0.0 13.19632 0.265357 0.211976 0.319414
4.445454 15.564531 0.831666 0.20829 0.222087
4.445454 15.564531 -0.293815 0.208202 0.222087
0.0 13.19632 0.265357 0.211976 0.319414
3.09789 14.851776 -2.841912 0.191677 0.538773
4.445454 15.564531 0.831666 0.20829 0.222087
0.0 13.19632 0.265357 0.211976 0.319414
4.445454 15.564531 -0.293815 0.208202 0.222087
-4.5 15.563846 -0.293815 0.211615 0.558736
-4.5 15.563846 0.831472 0.211939 0.304085
-4.587847 18.206144 0.245026 0.894593 0.986286
-4.5 15.563846 -0.293815 0.211615 0.558736
0.0 13.19632 0.265357 0.211976 0.319414
-4.5 15.563846 0.831472 0.211939 0.304085
-4.5 15.563846 0.831472 0.211939 0.304085
0.0 13.19632 0.265357 0.211976 0.319414
-3.574837 15.31344 2.903869 0.19377 0.209995
5.805345 28.74357 1.058531 0.212027 0.304085
6.6522 25.610016 1.202816 0.314451 0.284508
7.30568779 28.67895637 -0.39698048 0.311731 0.924106
5.805345 28.74357 1.058531 0.212027 0.304085
5.615438 24.577065 1.172436 0.324633 0.440423
6.6522 25.610016 1.202816 0.314451 0.284508
7.498886 11.707011 1.615873 0.212064 0.319414
7.834976 11.689288 2.428864 0.264067 0.308214
7.120429 13.997262 0.549501 0.222183 0.362472
7.498886 11.707011 1.615873 0.212064 0.319414
7.323469 9.660769 3.44149637 0.555734 0.798985
7.834976 11.689288 2.428864 0.264067 0.308214
7.498886 11.707011 1.615873 0.212064 0.319414
8.432711 9.440997 0.570631 0.600022 0.869506
8.067801 9.220031 2.786832 0.583947 0.816412
7.498886 11.707011 1.615873 0.212064 0.319414
7.298491 9.151397 3.202121 0.613995 0.253089
7.323469 9.660769 3.44149637 0.555734 0.798985
7.120429 13.997262 0.549501 0.222183 0.362472
7.834976 11.689288 0.739083 0.229999 0.634174
7.498886 11.707011 1.615873 0.212064 0.319414
7.120429 13.997262 0.549501 0.222183 0.362472
7.70716 13.974481 -0.391089 0.235809 0.689214
7.834976 11.689288 0.739083 0.229999 0.634174
7.120429 13.997262 0.549501 0.222183 0.362472
7.274232 16.779121 -1.58506 0.237274 0.117668
7.70716 13.974481 -0.391089 0.235809 0.689214
7.120429 13.997262 0.549501 0.222183 0.362472
7.70716 13.974481 1.626292 0.265166 0.599543
6.591286 16.072769 -0.00647 0.236885 0.117668
7.834976 11.689288 0.739083 0.229999 0.634174
8.432711 9.440997 0.570631 0.600022 0.869506
7.498886 11.707011 1.615873 0.212064 0.319414
7.70716 13.974481 -0.391089 0.235809 0.689214
8.538836 14.020051 -0.391089 0.242798 0.199419
7.834976 11.689288 0.739083 0.229999 0.634174
6.591286 16.072769 -0.00647 0.236885 0.117668
7.274232 16.779121 -1.58506 0.237274 0.117668
7.120429 13.997262 0.549501 0.222183 0.362472
6.591286 16.072769 -0.00647 0.236885 0.117668
6.345147 18.723404 -0.483451 0.240304 0.543821
7.274232 16.779121 -1.58506 0.237274 0.117668
6.591286 16.072769 -0.00647 0.236885 0.117668
7.70716 13.974481 1.626292 0.265166 0.599543
7.474232 16.779121 1.06172 0.26568 0.369048
6.591286 16.072769 -0.00647 0.236885 0.117668
7.474232 16.779121 1.06172 0.26568 0.369048
6.345147 18.723404 -0.483451 0.240304 0.543821
7.274232 16.779121 -1.58506 0.237274 0.117668
8.538836 14.020051 -0.391089 0.242798 0.199419
7.70716 13.974481 -0.391089 0.235809 0.689214
7.274232 16.779121 -1.58506 0.237274 0.117668
8.629981 16.870262 -1.58506 0.251171 0.367853
8.538836 14.020051 -0.391089 0.242798 0.199419
7.274232 16.779121 -1.58506 0.237274 0.117668
7.85565 18.522118 -1.909294 0.254545 0.216462
8.629981 16.870262 -1.58506 0.251171 0.367853
6.345147 18.723404 -0.483451 0.240304 0.543821
7.192966 18.548698 -1.909294 0.242409 0.199419
7.274232 16.779121 -1.58506 0.237274 0.117668
6.345147 18.723404 -0.483451 0.240304 0.543821
6.959796 19.663391 -2.205862 0.281614 0.681015
7.192966 18.548698 -1.909294 0.242409 0.199419
7.192966 18.548698 -1.909294 0.242409 0.199419
7.85565 18.522118 -1.909294 0.254545 0.216462
7.274232 16.779121 -1.58506 0.237274 0.117668
7.192966 18.548698 -1.909294 0.242409 0.199419
7.582603 19.693771 -2.205862 0.283834 0.540746
7.85565 18.522118 -1.909294 0.254545 0.216462
8.538836 14.020051 -0.391089 0.242798 0.199419
8.286892 11.653842 0.739083 0.24323 0.447674
7.834976 11.689288 0.739083 0.229999 0.634174
8.538836 14.020051 -0.391089 0.242798 0.199419
8.668551 11.494342 1.615873 0.255643 0.289994
8.286892 11.653842 0.739083 0.24323 0.447674
8.538836 14.020051 -0.391089 0.242798 0.199419
9.079997 13.997262 0.549501 0.25573 0.289994
8.668551 11.494342 1.615873 0.255643 0.289994
8.538836 14.020051 -0.391089 0.242798 0.199419
9.771143 16.87763 -0.22977 0.255794 0.216462
9.079997 13.997262 0.549501 0.25573 0.289994
8.286892 11.653842 0.739083 0.24323 0.447674
8.432711 9.440997 0.570631 0.600022 0.869506
7.834976 11.689288 0.739083 0.229999 0.634174
8.629981 16.870262 -1.58506 0.251171 0.367853
9.771143 16.87763 -0.22977 0.255794 0.216462
8.538836 14.020051 -0.391089 0.242798 0.199419
8.629981 16.870262 -1.58506 0.251171 0.367853
9.002335 17.155443 -0.246155 0.325254 0.160575
9.771143 16.87763 -0.22977 0.255794 0.216462
7.85565 18.522118 -1.909294 0.254545 0.216462
8.429755 19.39172 -0.51687 0.284638 0.098257
8.629981 16.870262 -1.58506 0.251171 0.367853
8.668551 11.494342 1.615873 0.255643 0.289994
9.309962 9.409595 0.587282 0.555159 0.416807
8.286892 11.653842 0.739083 0.24323 0.447674
9.079997 13.997262 0.549501 0.25573 0.289994
8.538836 14.020051 1.626292 0.257269 0.827274
8.668551 11.494342 1.615873 0.255643 0.289994
9.771143 16.87763 -0.22977 0.255794 0.216462
8.538836 14.020051 1.626292 0.257269 0.827274
9.079997 13.997262 0.549501 0.25573 0.289994
9.771143 16.87763 -0.22977 0.255794 0.216462
8.829981 16.870262 1.06172 0.26398 0.308214
8.538836 14.020051 1.626292 0.257269 0.827274
9.771143 16.87763 -0.22977 0.255794 0.216462
9.002335 17.155443 -0.246155 0.325254 0.160575
8.829981 16.870262 1.06172 0.26398 0.308214
8.538836 14.020051 1.626292 0.257269 0.827274
8.286892 11.653842 2.428864 0.260544 0.878327
8.668551 11.494342 1.615873 0.255643 0.289994
8.538836 14.020051 1.626292 0.257269 0.827274
7.834976 11.689288 2.428864 0.264067 0.308214
8.286892 11.653842 2.428864 0.260544 0.878327
8.538836 14.020051 1.626292 0.257269 0.827274
7.70716 13.974481 1.626292 0.265166 0.599543
7.834976 11.689288 2.428864 0.264067 0.308214
8.538836 14.020051 1.626292 0.257269 0.827274
7.474232 16.779121 1.06172 0.26568 0.369048
7.70716 13.974481 1.626292 0.265166 0.599543
8.286892 11.653842 2.428864 0.260544 0.878327
9.309962 9.410136 3.04814 0.555152 0.573214
8.668551 11.494342 1.615873 0.255643 0.289994
8.286892 11.653842 2.428864 0.260544 0.878327
7.323469 9.660769 3.44149637 0.555734 0.798985
9.309962 9.410136 3.04814 0.555152 0.573214
8.829981 16.870262 1.06172 0.26398 0.308214
7.474232 16.779121 1.06172 0.26568 0.369048
8.538836 14.020051 1.626292 0.257269 0.827274
8.829981 16.870262 1.06172 0.26398 0.308214
7.85565 18.522118 0.829093 0.269933 0.446136
7.474232 16.779121 1.06172 0.26568 0.369048
8.829981 16.870262 1.06172 0.26398 0.308214
8.429755 19.39172 -0.51687 0.284638 0.098257
7.85565 18.522118 0.829093 0.269933 0.446136
8.829981 16.870262 1.06172 0.26398 0.308214
9.002335 17.155443 -0.246155 0.325254 0.160575
8.429755 19.39172 -0.51687 0.284638 0.098257
7.834976 11.689288 2.428864 0.264067 0.308214
7.70716 13.974481 1.626292 0.265166 0.599543
7.120429 13.997262 0.549501 0.222183 0.362472
7.834976 11.689288 2.428864 0.264067 0.308214
7.323469 9.660769 3.44149637 0.555734 0.798985
8.286892 11.653842 2.428864 0.260544 0.878327
7.474232 16.779121 1.06172 0.26568 0.369048
7.192966 18.548698 0.829093 0.270884 0.945915
6.345147 18.723404 -0.483451 0.240304 0.543821
7.85565 18.522118 0.829093 0.269933 0.446136
7.192966 18.548698 0.829093 0.270884 0.945915
7.474232 16.779121 1.06172 0.26568 0.369048
7.85565 18.522118 0.829093 0.269933 0.446136
7.343354 21.383896 0.764831 0.293198 0.784039
7.192966 18.548698 0.829093 0.270884 0.945915
7.192966 18.548698 0.829093 0.270884 0.945915
5.644557 20.769695 -0.567758 0.273933 0.639066
6.345147 18.723404 -0.483451 0.240304 0.543821
7.192966 18.548698 0.829093 0.270884 0.945915
6.712949 21.307945 0.764831 0.316962 0.192881
5.644557 20.769695 -0.567758 0.273933 0.639066
5.644557 20.769695 -0.567758 0.273933 0.639066
6.959796 19.663391 -2.205862 0.281614 0.681015
6.345147 18.723404 -0.483451 0.240304 0.543821
5.644557 20.769695 -0.567758 0.273933 0.639066
6.712949 20.861343 -1.819838 0.294174 0.838641
6.959796 19.663391 -2.205862 0.281614 0.681015
5.644557 20.769695 -0.567758 0.273933 0.639066
6.712949 21.307945 0.764831 0.316962 0.192881
4.947056 22.812187 -0.714347 0.29393 0.638042
6.959796 19.663391 -2.205862 0.281614 0.681015
7.582603 19.693771 -2.205862 0.283834 0.540746
7.192966 18.548698 -1.909294 0.242409 0.199419
6.959796 19.663391 -2.205862 0.281614 0.681015
6.712949 20.861343 -1.819838 0.294174 0.838641
7.582603 19.693771 -2.205862 0.283834 0.540746
7.582603 19.693771 -2.205862 0.283834 0.540746
8.429755 19.39172 -0.51687 0.284638 0.098257
7.85565 18.522118 -1.909294 0.254545 0.216462
7.582603 19.693771 -2.205862 0.283834 0.540746
7.343354 20.937286 -1.819838 0.285075 0.098257
8.429755 19.39172 -0.51687 0.284638 0.098257
7.582603 19.693771 -2.205862 0.283834 0.540746
6.712949 20.861343 -1.819838 0.294174 0.838641
7.343354 20.937286 -1.819838 0.285075 0.098257
8.429755 19.39172 -0.51687 0.284638 0.098257
7.343354 21.383896 0.764831 0.293198 0.784039
7.85565 18.522118 0.829093 0.269933 0.446136
8.429755 19.39172 -0.51687 0.284638 0.098257
9.002335 17.155443 -0.246155 0.325254 0.160575
8.629981 16.870262 -1.58506 0.251171 0.367853
7.343354 20.937286 -1.819838 0.285075 0.098257
8.106674 21.180336 -0.585227 0.286443 0.60044
8.429755 19.39172 -0.51687 0.284638 0.098257
7.343354 20.937286 -1.819838 0.285075 0.098257
6.98258 23.991348 -2.027699 0.297604 0.274029
8.106674 21.180336 -0.585227 0.286443 0.60044
8.106674 21.180336 -0.585227 0.286443 0.60044
7.343354 21.383896 0.764831 0.293198 0.784039
8.429755 19.39172 -0.51687 0.284638 0.098257
8.106674 21.180336 -0.585227 0.286443 0.60044
6.98258 23.991348 1.111673 0.314363 0.284508
7.343354 21.383896 0.764831 0.293198 0.784039
7.343354 21.383896 0.764831 0.293198 0.784039
6.712949 21.307945 0.764831 0.316962 0.192881
7.192966 18.548698 0.829093 0.270884 0.945915
4.947056 22.812187 -0.714347 0.29393 0.638042
6.712949 20.861343 -1.819838 0.294174 0.838641
5.644557 20.769695 -0.567758 0.273933 0.639066
4.947056 22.812187 -0.714347 0.29393 0.638042
5.788229 23.210938 -2.003393 0.294608 0.203601
6.712949 20.861343 -1.819838 0.294174 0.838641
4.947056 22.812187 -0.714347 0.29393 0.638042
5.615438 24.577065 -1.936556 0.294725 0.367882
5.788229 23.210938 -2.003393 0.294608 0.203601
4.947056 22.812187 -0.714347 0.29393 0.638042
5.615438 24.577065 1.172436 0.324633 0.440423
4.73439 24.577065 -0.653585 0.294696 0.203601
6.712949 20.861343 -1.819838 0.294174 0.838641
6.98258 23.991348 -2.027699 0.297604 0.274029
7.343354 20.937286 -1.819838 0.285075 0.098257
5.788229 23.210938 -2.003393 0.294608 0.203601
6.98258 23.991348 -2.027699 0.297604 0.274029
6.712949 20.861343 -1.819838 0.294174 0.838641
4.73439 24.577065 -0.653585 0.294696 0.203601
5.615438 24.577065 -1.936556 0.294725 0.367882
4.947056 22.812187 -0.714347 0.29393 0.638042
4.73439 24.577065 -0.653585 0.294696 0.203601
5.615438 24.577065 1.172436 0.324633 0.440423
4.605354 25.571831 -0.615608 0.597424 0.74867
5.615438 24.577065 -1.936556 0.294725 0.367882
6.98258 23.991348 -2.027699 0.297604 0.274029
5.788229 23.210938 -2.003393 0.294608 0.203601
5.615438 24.577065 -1.936556 0.294725 0.367882
6.9522 25.610016 -1.906176 0.297691 0.274029
6.98258 23.991348 -2.027699 0.297604 0.274029
5.615438 24.577065 -1.936556 0.294725 0.367882
6.405343 28.143568 -1.993508 0.301855 0.678453
6.9522 25.610016 -1.906176 0.297691 0.274029
6.98258 23.991348 -2.027699 0.297604 0.274029
7.438294 25.06624013 -0.653585 0.306476 0.984163
8.106674 21.180336 -0.585227 0.286443 0.60044
6.98258 23.991348 -2.027699 0.297604 0.274029
7.62058 26.734116 -0.623204 0.307027 0.445139
7.438294 25.06624013 -0.653585 0.306476 0.984163
6.9522 25.610016 -1.906176 0.297691 0.274029
7.62058 26.734116 -0.623204 0.307027 0.445139
6.98258 23.991348 -2.027699 0.297604 0.274029
6.405343 28.143568 -1.993508 0.301855 0.678453
7.62058 26.734116 -0.623204 0.307027 0.445139
6.9522 25.610016 -1.906176 0.297691 0.274029
6.405343 28.143568 -1.993508 0.301855 0.678453
7.30568779 28.67895637 -0.39698048 0.311731 0.924106
7.62058 26.734116 -0.623204 0.307027 0.445139
6.405343 28.143568 -1.993508 0.301855 0.678453
6.521627 29.505226 -0.243442 0.324817 0.160575
7.30568779 28.67895637 -0.39698048 0.311731 0.924106
7.438294 25.06624013 -0.653585 0.306476 0.984163
6.98258 23.991348 1.111673 0.314363 0.284508
8.106674 21.180336 -0.585227 0.286443 0.60044
7.62058 26.734116 -0.623204 0.307027 0.445139
6.98258 23.991348 1.111673 0.314363 0.284508
7.438294 25.06624013 -0.653585 0.306476 0.984163
7.62058 26.734116 -0.623204 0.307027 0.445139
6.6522 25.610016 1.202816 0.314451 0.284508
6.98258 23.991348 1.111673 0.314363 0.284508
7.30568779 28.67895637 -0.39698048 0.311731 0.924106
6.6522 25.610016 1.202816 0.314451 0.284508
7.62058 26.734116 -0.623204 0.307027 0.445139
7.30568779 28.67895637 -0.39698048 0.311731 0.924106
6.521627 29.505226 -0.243442 0.324817 0.160575
5.805345 28.74357 1.058531 0.212027 0.304085
6.98258 23.991348 1.111673 0.314363 0.284508
6.712949 21.307945 0.764831 0.316962 0.192881
7.343354 21.383896 0.764831 0.293198 0.784039
6.98258 23.991348 1.111673 0.314363 0.284508
5.788229 23.210938 1.111673 0.31705 0.192881
6.712949 21.307945 0.764831 0.316962 0.192881
6.98258 23.991348 1.111673 0.314363 0.284508
5.615438 24.577065 1.172436 0.324633 0.440423
5.788229 23.210938 1.111673 0.31705 0.192881
6.6522 25.610016 1.202816 0.314451 0.284508
5.615438 24.577065 1.172436 0.324633 0.440423
6.98258 23.991348 1.111673 0.314363 0.284508
6.712949 21.307945 0.764831 0.316962 0.192881
5.788229 23.210938 1.111673 0.31705 0.192881
4.947056 22.812187 -0.714347 0.29393 0.638042
5.788229 23.210938 1.111673 0.31705 0.192881
5.615438 24.577065 1.172436 0.324633 0.440423
4.947056 22.812187 -0.714347 0.29393 0.638042
-5.880345 28.74357 1.058531 0.325874 0.516918
-5.690439 24.577065 1.172436 0.455405 0.600258
-4.921296 26.425774 0.902817 0.023936 0.939342
-5.880345 28.74357 1.058531 0.325874 0.516918
-6.596627 29.505226 -0.243442 0.4571 0.499549
-7.36639821 28.67895637 -0.39698048 0.449616 0.579726
-7.909258 11.689288 0.739084 0.326293 0.490401
-7.78216 13.974481 -0.391089 0.337093 0.803797
-7.195429 13.997262 0.549501 0.330398 0.608099
-7.909258 11.689288 0.739084 0.326293 0.490401
-8.613836 14.020051 -0.391089 0.347342 0.494337
-7.78216 13.974481 -0.391089 0.337093 0.803797
-7.909258 11.689288 0.739084 0.326293 0.490401
-8.361174 11.653842 0.739084 0.347537 0.494347
-8.613836 14.020051 -0.391089 0.347342 0.494337
-7.909258 11.689288 0.739084 0.326293 0.490401
-8.511658 9.440997 0.570631 0.534306 0.51834
-8.361174 11.653842 0.739084 0.347537 0.494347
-7.195429 13.997262 0.549501 0.330398 0.608099
-7.573168 11.707011 1.615874 0.331545 0.757712
-7.909258 11.689288 0.739084 0.326293 0.490401
-7.195429 13.997262 0.549501 0.330398 0.608099
-7.909258 11.689288 2.428864 0.362374 0.940831
-7.573168 11.707011 1.615874 0.331545 0.757712
-7.195429 13.997262 0.549501 0.330398 0.608099
-7.78216 13.974481 1.626292 0.369201 0.744261
-7.909258 11.689288 2.428864 0.362374 0.940831
-7.573168 11.707011 1.615874 0.331545 0.757712
-8.511658 9.440997 0.570631 0.534306 0.51834
-7.909258 11.689288 0.739084 0.326293 0.490401
-7.573168 11.707011 1.615874 0.331545 0.757712
-7.377438 9.151397 3.202121 0.535546 0.550995
-8.146748 9.220031 2.786832 0.508221 0.869506
-7.78216 13.974481 -0.391089 0.337093 0.803797
-7.349232 16.779121 -1.58506 0.340721 0.996891
-7.195429 13.997262 0.549501 0.330398 0.608099
-7.78216 13.974481 -0.391089 0.337093 0.803797
-8.613836 14.020051 -0.391089 0.347342 0.494337
-7.349232 16.779121 -1.58506 0.340721 0.996891
-7.349232 16.779121 -1.58506 0.340721 0.996891
-6.466286 16.072769 -0.00647 0.34483 0.418475
-7.195429 13.997262 0.549501 0.330398 0.608099
-7.349232 16.779121 -1.58506 0.340721 0.996891
-6.420147 18.723404 -0.483451 0.347231 0.494228
-6.466286 16.072769 -0.00647 0.34483 0.418475
-7.349232 16.779121 -1.58506 0.340721 0.996891
-7.267966 18.548698 -1.909294 0.347242 0.514217
-6.420147 18.723404 -0.483451 0.347231 0.494228
-7.349232 16.779121 -1.58506 0.340721 0.996891
-7.93065 18.522118 -1.909294 0.347714 0.439181
-7.267966 18.548698 -1.909294 0.347242 0.514217
-6.466286 16.072769 -0.00647 0.34483 0.418475
-7.78216 13.974481 1.626292 0.369201 0.744261
-7.195429 13.997262 0.549501 0.330398 0.608099
-6.420147 18.723404 -0.483451 0.347231 0.494228
-7.349232 16.779121 1.06172 0.372208 0.648569
-6.466286 16.072769 -0.00647 0.34483 0.418475
-6.420147 18.723404 -0.483451 0.347231 0.494228
-7.267966 18.548698 0.829093 0.380173 0.837353
-7.349232 16.779121 1.06172 0.372208 0.648569
-6.420147 18.723404 -0.483451 0.347231 0.494228
-5.719557 20.769695 -0.567758 0.380984 0.619726
-7.267966 18.548698 0.829093 0.380173 0.837353
-6.420147 18.723404 -0.483451 0.347231 0.494228
-7.034796 19.663391 -2.205862 0.38667 0.633486
-5.719557 20.769695 -0.567758 0.380984 0.619726
-7.267966 18.548698 -1.909294 0.347242 0.514217
-7.034796 19.663391 -2.205862 0.38667 0.633486
-6.420147 18.723404 -0.483451 0.347231 0.494228
-7.267966 18.548698 -1.909294 0.347242 0.514217
-7.657603 19.693771 -2.205862 0.388854 0.673533
-7.034796 19.663391 -2.205862 0.38667 0.633486
-8.613836 14.020051 -0.391089 0.347342 0.494337
-8.704981 16.870262 -1.58506 0.347563 0.513867
-7.349232 16.779121 -1.58506 0.340721 0.996891
-8.613836 14.020051 -0.391089 0.347342 0.494337
-9.646143 16.87763 -0.22977 0.350075 0.531595
-8.704981 16.870262 -1.58506 0.347563 0.513867
-8.361174 11.653842 0.739084 0.347537 0.494347
-8.742833 11.494342 1.615874 0.347791 0.439192
-8.613836 14.020051 -0.391089 0.347342 0.494337
-8.361174 11.653842 0.739084 0.347537 0.494347
-9.388909 9.409595 0.587282 0.457251 0.521513
-8.742833 11.494342 1.615874 0.347791 0.439192
-8.361174 11.653842 0.739084 0.347537 0.494347
-8.511658 9.440997 0.570631 0.534306 0.51834
-9.388909 9.409595 0.587282 0.457251 0.521513
-8.704981 16.870262 -1.58506 0.347563 0.513867
-7.93065 18.522118 -1.909294 0.347714 0.439181
-7.349232 16.779121 -1.58506 0.340721 0.996891
-8.704981 16.870262 -1.58506 0.347563 0.513867
-8.504755 19.39172 -0.51687 0.402591 0.433299
-7.93065 18.522118 -1.909294 0.347714 0.439181
-8.704981 16.870262 -1.58506 0.347563 0.513867
-9.077333 17.155443 -0.246155 0.457118 0.43491
-8.504755 19.39172 -0.51687 0.402591 0.433299
-7.93065 18.522118 -1.909294 0.347714 0.439181
-7.657603 19.693771 -2.205862 0.388854 0.673533
-7.267966 18.548698 -1.909294 0.347242 0.514217
-7.93065 18.522118 -1.909294 0.347714 0.439181
-8.504755 19.39172 -0.51687 0.402591 0.433299
-7.657603 19.693771 -2.205862 0.388854 0.673533
-8.742833 11.494342 1.615874 0.347791 0.439192
-9.154997 13.997262 0.549501 0.349069 0.440609
-8.613836 14.020051 -0.391089 0.347342 0.494337
-8.742833 11.494342 1.615874 0.347791 0.439192
-8.613836 14.020051 1.626292 0.35048 0.58208
-9.154997 13.997262 0.549501 0.349069 0.440609
-8.742833 11.494342 1.615874 0.347791 0.439192
-8.361174 11.653842 2.428864 0.352891 0.677126
-8.613836 14.020051 1.626292 0.35048 0.58208
-8.742833 11.494342 1.615874 0.347791 0.439192
-9.388909 9.410136 3.04814 0.45744 0.435141
-8.361174 11.653842 2.428864 0.352891 0.677126
-9.154997 13.997262 0.549501 0.349069 0.440609
-9.646143 16.87763 -0.22977 0.350075 0.531595
-8.613836 14.020051 -0.391089 0.347342 0.494337
-9.154997 13.997262 0.549501 0.349069 0.440609
-8.613836 14.020051 1.626292 0.35048 0.58208
-9.646143 16.87763 -0.22977 0.350075 0.531595
-9.646143 16.87763 -0.22977 0.350075 0.531595
-9.077333 17.155443 -0.246155 0.457118 0.43491
-8.704981 16.870262 -1.58506 0.347563 0.513867
-8.613836 14.020051 1.626292 0.35048 0.58208
-8.704981 16.870262 1.06172 0.36166 0.866159
-9.646143 16.87763 -0.22977 0.350075 0.531595
-8.613836 14.020051 1.626292 0.35048 0.58208
-7.349232 16.779121 1.06172 0.372208 0.648569
-8.704981 16.870262 1.06172 0.36166 0.866159
-8.361174 11.653842 2.428864 0.352891 0.677126
-7.909258 11.689288 2.428864 0.362374 0.940831
-8.613836 14.020051 1.626292 0.35048 0.58208
-8.361174 11.653842 2.428864 0.352891 0.677126
-7.402416 9.660769 3.44149637 0.507919 0.694012
-7.909258 11.689288 2.428864 0.362374 0.940831
-8.704981 16.870262 1.06172 0.36166 0.866159
-9.077333 17.155443 -0.246155 0.457118 0.43491
-9.646143 16.87763 -0.22977 0.350075 0.531595
-7.909258 11.689288 2.428864 0.362374 0.940831
-7.78216 13.974481 1.626292 0.369201 0.744261
-8.613836 14.020051 1.626292 0.35048 0.58208
-7.909258 11.689288 2.428864 0.362374 0.940831
-7.402416 9.660769 3.44149637 0.507919 0.694012
-7.573168 11.707011 1.615874 0.331545 0.757712
-7.78216 13.974481 1.626292 0.369201 0.744261
-7.349232 16.779121 1.06172 0.372208 0.648569
-8.613836 14.020051 1.626292 0.35048 0.58208
-7.349232 16.779121 1.06172 0.372208 0.648569
-7.78216 13.974481 1.626292 0.369201 0.744261
-6.466286 16.072769 -0.00647 0.34483 0.418475
-7.349232 16.779121 1.06172 0.372208 0.648569
-7.93065 18.522118 0.829093 0.376029 0.803797
-8.704981 16.870262 1.06172 0.36166 0.866159
-7.349232 16.779121 1.06172 0.372208 0.648569
-7.267966 18.548698 0.829093 0.380173 0.837353
-7.93065 18.522118 0.829093 0.376029 0.803797
-7.93065 18.522118 0.829093 0.376029 0.803797
-8.504755 19.39172 -0.51687 0.402591 0.433299
-8.704981 16.870262 1.06172 0.36166 0.866159
-7.93065 18.522118 0.829093 0.376029 0.803797
-7.418354 21.383896 0.764831 0.404474 0.497822
-8.504755 19.39172 -0.51687 0.402591 0.433299
-7.267966 18.548698 0.829093 0.380173 0.837353
-7.418354 21.383896 0.764831 0.404474 0.497822
-7.93065 18.522118 0.829093 0.376029 0.803797
-7.267966 18.548698 0.829093 0.380173 0.837353
-6.787949 21.307945 0.764831 0.4515 0.405484
-7.418354 21.383896 0.764831 0.404474 0.497822
-5.719557 20.769695 -0.567758 0.380984 0.619726
-6.787949 21.307945 0.764831 0.4515 0.405484
-7.267966 18.548698 0.829093 0.380173 0.837353
-7.034796 19.663391 -2.205862 0.38667 0.633486
-6.787949 20.861343 -1.819838 0.40456 0.414002
-5.719557 20.769695 -0.567758 0.380984 0.619726
-7.657603 19.693771 -2.205862 0.388854 0.673533
-6.787949 20.861343 -1.819838 0.40456 0.414002
-7.034796 19.663391 -2.205862 0.38667 0.633486
-8.504755 19.39172 -0.51687 0.402591 0.433299
-7.418354 20.937286 -1.819838 0.403197 0.497846
-7.657603 19.693771 -2.205862 0.388854 0.673533
-8.504755 19.39172 -0.51687 0.402591 0.433299
-7.418354 21.383896 0.764831 0.404474 0.497822
-8.181673 21.180336 -0.585227 0.402897 0.433713
-8.504755 19.39172 -0.51687 0.402591 0.433299
-9.077333 17.155443 -0.246155 0.457118 0.43491
-8.704981 16.870262 1.06172 0.36166 0.866159
-8.181673 21.180336 -0.585227 0.402897 0.433713
-7.418354 20.937286 -1.819838 0.403197 0.497846
-8.504755 19.39172 -0.51687 0.402591 0.433299
-8.181673 21.180336 -0.585227 0.402897 0.433713
-7.05758 23.991348 -2.027699 0.418788 0.633486
-7.418354 20.937286 -1.819838 0.403197 0.497846
-8.181673 21.180336 -0.585227 0.402897 0.433713
-7.513294 25.06624013 -0.653585 0.433543 0.667477
-7.05758 23.991348 -2.027699 0.418788 0.633486
-8.181673 21.180336 -0.585227 0.402897 0.433713
-7.05758 23.991348 1.111673 0.450907 0.633669
-7.513294 25.06624013 -0.653585 0.433543 0.667477
-7.418354 20.937286 -1.819838 0.403197 0.497846
-6.787949 20.861343 -1.819838 0.40456 0.414002
-7.657603 19.693771 -2.205862 0.388854 0.673533
-7.418354 20.937286 -1.819838 0.403197 0.497846
-7.05758 23.991348 -2.027699 0.418788 0.633486
-6.787949 20.861343 -1.819838 0.40456 0.414002
-7.418354 21.383896 0.764831 0.404474 0.497822
-7.05758 23.991348 1.111673 0.450907 0.633669
-8.181673 21.180336 -0.585227 0.402897 0.433713
-7.418354 21.383896 0.764831 0.404474 0.497822
-6.787949 21.307945 0.764831 0.4515 0.405484
-7.05758 23.991348 1.111673 0.450907 0.633669
-6.787949 20.861343 -1.819838 0.40456 0.414002
-5.022056 22.812187 -0.714347 0.404882 0.413501
-5.719557 20.769695 -0.567758 0.380984 0.619726
-6.787949 20.861343 -1.819838 0.40456 0.414002
-5.863229 23.210938 -2.003393 0.406331 0.521132
-5.022056 22.812187 -0.714347 0.404882 0.413501
-6.787949 20.861343 -1.819838 0.40456 0.414002
-7.05758 23.991348 -2.027699 0.418788 0.633486
-5.863229 23.210938 -2.003393 0.406331 0.521132
-5.022056 22.812187 -0.714347 0.404882 0.413501
-6.787949 21.307945 0.764831 0.4515 0.405484
-5.719557 20.769695 -0.567758 0.380984 0.619726
-5.022056 22.812187 -0.714347 0.404882 0.413501
-5.863229 23.210938 1.111673 0.451806 0.405811
-6.787949 21.307945 0.764831 0.4515 0.405484
-5.022056 22.812187 -0.714347 0.404882 0.413501
-5.690439 24.577065 1.172436 0.455405 0.600258
-5.863229 23.210938 1.111673 0.451806 0.405811
-5.863229 23.210938 -2.003393 0.406331 0.521132
-5.690439 24.577065 -1.936556 0.406637 0.519741
-5.022056 22.812187 -0.714347 0.404882 0.413501
-5.863229 23.210938 -2.003393 0.406331 0.521132
-7.05758 23.991348 -2.027699 0.418788 0.633486
-5.690439 24.577065 -1.936556 0.406637 0.519741
-5.690439 24.577065 -1.936556 0.406637 0.519741
-4.809391 24.577065 -0.653585 0.406765 0.587237
-5.022056 22.812187 -0.714347 0.404882 0.413501
-5.690439 24.577065 -1.936556 0.406637 0.519741
-6.480343 28.143568 -1.993508 0.430838 0.615631
-4.919031 26.425774 -1.875794 0.004859 0.830291
-4.809391 24.577065 -0.653585 0.406765 0.587237
-5.690439 24.577065 1.172436 0.455405 0.600258
-5.022056 22.812187 -0.714347 0.404882 0.413501
-7.05758 23.991348 -2.027699 0.418788 0.633486
-7.0272 25.610016 -1.906176 0.422271 0.652436
-5.690439 24.577065 -1.936556 0.406637 0.519741
-7.05758 23.991348 -2.027699 0.418788 0.633486
-7.69558 26.734116 -0.623204 0.436494 0.591308
-7.0272 25.610016 -1.906176 0.422271 0.652436
-7.0272 25.610016 -1.906176 0.422271 0.652436
-6.480343 28.143568 -1.993508 0.430838 0.615631
-5.690439 24.577065 -1.936556 0.406637 0.519741
-7.0272 25.610016 -1.906176 0.422271 0.652436
-7.69558 26.734116 -0.623204 0.436494 0.591308
-6.480343 28.143568 -1.993508 0.430838 0.615631
-6.480343 28.143568 -1.993508 0.430838 0.615631
-6.596627 29.505226 -0.243442 0.4571 0.499549
-4.894412 28.639359 -1.876721 0.133861 0.366088
-7.513294 25.06624013 -0.653585 0.433543 0.667477
-7.69558 26.734116 -0.623204 0.436494 0.591308
-7.05758 23.991348 -2.027699 0.418788 0.633486
-7.513294 25.06624013 -0.653585 0.433543 0.667477
-7.05758 23.991348 1.111673 0.450907 0.633669
-7.69558 26.734116 -0.623204 0.436494 0.591308
-7.69558 26.734116 -0.623204 0.436494 0.591308
-7.36639821 28.67895637 -0.39698048 0.449616 0.579726
-6.480343 28.143568 -1.993508 0.430838 0.615631
-7.69558 26.734116 -0.623204 0.436494 0.591308
-6.7272 25.610016 1.202816 0.451399 0.633303
-7.36639821 28.67895637 -0.39698048 0.449616 0.579726
-7.36639821 28.67895637 -0.39698048 0.449616 0.579726
-6.7272 25.610016 1.202816 0.451399 0.633303
-5.880345 28.74357 1.058531 0.325874 0.516918
-7.36639821 28.67895637 -0.39698048 0.449616 0.579726
-6.596627 29.505226 -0.243442 0.4571 0.499549
-6.480343 28.143568 -1.993508 0.430838 0.615631
-7.05758 23.991348 1.111673 0.450907 0.633669
-6.7272 25.610016 1.202816 0.451399 0.633303
-7.69558 26.734116 -0.623204 0.436494 0.591308
-7.05758 23.991348 1.111673 0.450907 0.633669
-5.690439 24.577065 1.172436 0.455405 0.600258
-6.7272 25.610016 1.202816 0.451399 0.633303
-6.7272 25.610016 1.202816 0.451399 0.633303
-5.690439 24.577065 1.172436 0.455405 0.600258
-5.880345 28.74357 1.058531 0.325874 0.516918
-6.787949 21.307945 0.764831 0.4515 0.405484
-5.863229 23.210938 1.111673 0.451806 0.405811
-7.05758 23.991348 1.111673 0.450907 0.633669
-5.863229 23.210938 1.111673 0.451806 0.405811
-5.690439 24.577065 1.172436 0.455405 0.600258
-7.05758 23.991348 1.111673 0.450907 0.633669
-6.596627 29.505226 -0.243442 0.4571 0.499549
-5.880345 28.74357 1.058531 0.325874 0.516918
-5.523337 29.882553 -0.234326 0.126241 0.825508
-9.388909 9.409595 0.587282 0.457251 0.521513
-9.388909 9.410136 3.04814 0.45744 0.435141
-8.742833 11.494342 1.615874 0.347791 0.439192
-9.388909 9.409595 0.587282 0.457251 0.521513
-9.417206 7.840858 3.093711 0.474261 0.614079
-9.388909 9.410136 3.04814 0.45744 0.435141
-9.388909 9.409595 0.587282 0.457251 0.521513
-8.766856 8.003589 0.570631 0.534643 0.451176
-9.417207 7.840858 0.632854 0.457557 0.521767
-9.388909 9.410136 3.04814 0.45744 0.435141
-7.402416 9.660769 3.44149637 0.507919 0.694012
-8.361174 11.653842 2.428864 0.352891 0.677126
-9.388909 9.410136 3.04814 0.45744 0.435141
-8.075858 8.946429 3.43043138 0.541211 0.579947
-7.402416 9.660769 3.44149637 0.507919 0.694012
-9.417207 7.840858 0.632854 0.457557 0.521767
-9.417206 7.840858 3.093711 0.474261 0.614079
-9.388909 9.409595 0.587282 0.457251 0.521513
-9.417207 7.840858 0.632854 0.457557 0.521767
-8.840951 6.191466 2.865854 0.479588 0.380069
-9.417206 7.840858 3.093711 0.474261 0.614079
-9.417207 7.840858 0.632854 0.457557 0.521767
-8.766856 8.003589 0.570631 0.534643 0.451176
-8.840951 6.184112 0.997426 0.474261 0.614585
-9.417206 7.840858 3.093711 0.474261 0.614079
-8.146748 9.220031 2.786832 0.508221 0.869506
-9.388909 9.410136 3.04814 0.45744 0.435141
-9.417206 7.840858 3.093711 0.474261 0.614079
-8.791834 8.016156 3.072758 0.529132 0.472531
-8.146748 9.220031 2.786832 0.508221 0.869506
-8.840951 6.184112 0.997426 0.474261 0.614585
-8.840951 6.191466 2.865854 0.479588 0.380069
-9.417207 7.840858 0.632854 0.457557 0.521767
-8.840951 6.184112 0.997426 0.474261 0.614585
-8.766856 8.003589 0.570631 0.534643 0.451176
-8.334436 6.193744 1.012324 0.534643 0.495561
-8.840951 6.184112 0.997426 0.474261 0.614585
-8.334436 6.193744 1.012324 0.534643 0.495561
-8.840951 6.191466 2.865854 0.479588 0.380069
-8.840951 6.191466 2.865854 0.479588 0.380069
-8.791834 8.016156 3.072758 0.529132 0.472531
-9.417206 7.840858 3.093711 0.474261 0.614079
-8.840951 6.191466 2.865854 0.479588 0.380069
-8.359414 6.350806 2.87645 0.533028 0.519493
-8.791834 8.016156 3.072758 0.529132 0.472531
-8.840951 6.191466 2.865854 0.479588 0.380069
-8.334436 6.193744 1.012324 0.534643 0.495561
-8.359414 6.350806 2.87645 0.533028 0.519493
-7.402416 9.660769 3.44149637 0.507919 0.694012
-7.377438 9.151397 3.202121 0.535546 0.550995
-7.573168 11.707011 1.615874 0.331545 0.757712
-7.402416 9.660769 3.44149637 0.507919 0.694012
-7.331525 8.84555 3.66168 0.546538 0.406603
-7.377438 9.151397 3.202121 0.535546 0.550995
-8.146748 9.220031 2.786832 0.508221 0.869506
-8.511658 9.440997 0.570631 0.534306 0.51834
-7.573168 11.707011 1.615874 0.331545 0.757712
-8.146748 9.220031 2.786832 0.508221 0.869506
-8.766856 8.003589 0.570631 0.534643 0.451176
-8.511658 9.440997 0.570631 0.534306 0.51834
-8.146748 9.220031 2.786832 0.508221 0.869506
-8.075858 8.946429 3.43043138 0.541211 0.579947
-9.388909 9.410136 3.04814 0.45744 0.435141
-8.146748 9.220031 2.786832 0.508221 0.869506
-7.934081 7.763129 3.66168 0.555063 0.235165
-8.075858 8.946429 3.43043138 0.541211 0.579947
-8.146748 9.220031 2.786832 0.508221 0.869506
-7.412881 8.023341 3.285339 0.55514 0.798985
-7.934081 7.763129 3.66168 0.555063 0.235165
-8.791834 8.016156 3.072758 0.529132 0.472531
-8.766856 8.003589 0.570631 0.534643 0.451176
-8.146748 9.220031 2.786832 0.508221 0.869506
-8.359414 6.350806 2.87645 0.533028 0.519493
-8.766856 8.003589 0.570631 0.534643 0.451176
-8.791834 8.016156 3.072758 0.529132 0.472531
-8.359414 6.350806 2.87645 0.533028 0.519493
-8.334436 6.193744 1.012324 0.534643 0.495561
-8.766856 8.003589 0.570631 0.534643 0.451176
-8.511658 9.440997 0.570631 0.534306 0.51834
-8.766856 8.003589 0.570631 0.534643 0.451176
-9.388909 9.409595 0.587282 0.457251 0.521513
-7.377438 9.151397 3.202121 0.535546 0.550995
-7.412881 8.023341 3.285339 0.55514 0.798985
-8.146748 9.220031 2.786832 0.508221 0.869506
-8.075858 8.946429 3.43043138 0.541211 0.579947
-7.331525 8.84555 3.66168 0.546538 0.406603
-7.402416 9.660769 3.44149637 0.507919 0.694012
-8.075858 8.946429 3.43043138 0.541211 0.579947
-7.934081 7.763129 3.66168 0.555063 0.235165
-7.331525 8.84555 3.66168 0.546538 0.406603
-7.331525 8.84555 3.66168 0.546538 0.406603
-7.934081 7.763129 3.66168 0.555063 0.235165
-7.402416 8.03033 3.66168 0.554373 0.235165
-7.331525 8.84555 3.66168 0.546538 0.406603
-7.412881 8.023341 3.285339 0.55514 0.798985
-7.377438 9.151397 3.202121 0.535546 0.550995
-7.402416 8.03033 3.66168 0.554373 0.235165
-7.412881 8.023341 3.285339 0.55514 0.798985
-7.331525 8.84555 3.66168 0.546538 0.406603
-7.934081 7.763129 3.66168 0.555063 0.235165
-7.412881 8.023341 3.285339 0.55514 0.798985
-7.402416 8.03033 3.66168 0.554373 0.235165
9.309962 9.410136 3.04814 0.555152 0.573214
9.309962 9.409595 0.587282 0.555159 0.416807
8.668551 11.494342 1.615873 0.255643 0.289994
9.309962 9.410136 3.04814 0.555152 0.573214
9.338259 7.840858 3.093711 0.555261 0.340369
9.309962 9.409595 0.587282 0.555159 0.416807
9.309962 9.410136 3.04814 0.555152 0.573214
8.067801 9.220031 2.786832 0.583947 0.816412
9.338259 7.840858 3.093711 0.555261 0.340369
9.309962 9.410136 3.04814 0.555152 0.573214
7.996911 8.946429 3.43043138 0.617662 0.141819
8.067801 9.220031 2.786832 0.583947 0.816412
9.309962 9.409595 0.587282 0.555159 0.416807
8.432711 9.440997 0.570631 0.600022 0.869506
8.286892 11.653842 0.739083 0.24323 0.447674
9.309962 9.409595 0.587282 0.555159 0.416807
8.687909 8.003589 0.570631 0.600898 0.694012
8.432711 9.440997 0.570631 0.600022 0.869506
9.338259 7.840858 3.093711 0.555261 0.340369
9.33826 7.840858 0.632854 0.555613 0.340369
9.309962 9.409595 0.587282 0.555159 0.416807
9.338259 7.840858 3.093711 0.555261 0.340369
8.762004 6.191466 2.865854 0.555715 0.416807
9.33826 7.840858 0.632854 0.555613 0.340369
9.338259 7.840858 3.093711 0.555261 0.340369
8.712887 8.016156 3.072758 0.584432 0.816412
8.762004 6.191466 2.865854 0.555715 0.416807
9.33826 7.840858 0.632854 0.555613 0.340369
8.687909 8.003589 0.570631 0.600898 0.694012
9.309962 9.409595 0.587282 0.555159 0.416807
8.762004 6.191466 2.865854 0.555715 0.416807
8.762004 6.184112 0.997426 0.555722 0.573214
9.33826 7.840858 0.632854 0.555613 0.340369
8.762004 6.191466 2.865854 0.555715 0.416807
8.255489 6.193744 1.012324 0.601348 0.694012
8.762004 6.184112 0.997426 0.555722 0.573214
8.762004 6.184112 0.997426 0.555722 0.573214
8.687909 8.003589 0.570631 0.600898 0.694012
9.33826 7.840858 0.632854 0.555613 0.340369
7.323469 9.660769 3.44149637 0.555734 0.798985
7.996911 8.946429 3.43043138 0.617662 0.141819
9.309962 9.410136 3.04814 0.555152 0.573214
7.323469 9.660769 3.44149637 0.555734 0.798985
7.252578 8.84555 3.66168 0.636705 0.904109
7.996911 8.946429 3.43043138 0.617662 0.141819
8.067801 9.220031 2.786832 0.583947 0.816412
8.712887 8.016156 3.072758 0.584432 0.816412
9.338259 7.840858 3.093711 0.555261 0.340369
8.067801 9.220031 2.786832 0.583947 0.816412
8.687909 8.003589 0.570631 0.600898 0.694012
8.712887 8.016156 3.072758 0.584432 0.816412
8.067801 9.220031 2.786832 0.583947 0.816412
7.298491 9.151397 3.202121 0.613995 0.253089
7.498886 11.707011 1.615873 0.212064 0.319414
8.067801 9.220031 2.786832 0.583947 0.816412
7.333934 8.023341 3.285339 0.659363 0.349439
7.298491 9.151397 3.202121 0.613995 0.253089
8.712887 8.016156 3.072758 0.584432 0.816412
8.280467 6.350806 2.87645 0.599608 0.869506
8.762004 6.191466 2.865854 0.555715 0.416807
8.712887 8.016156 3.072758 0.584432 0.816412
8.687909 8.003589 0.570631 0.600898 0.694012
8.280467 6.350806 2.87645 0.599608 0.869506
8.280467 6.350806 2.87645 0.599608 0.869506
8.255489 6.193744 1.012324 0.601348 0.694012
8.762004 6.191466 2.865854 0.555715 0.416807
8.432711 9.440997 0.570631 0.600022 0.869506
8.687909 8.003589 0.570631 0.600898 0.694012
8.067801 9.220031 2.786832 0.583947 0.816412
8.687909 8.003589 0.570631 0.600898 0.694012
8.255489 6.193744 1.012324 0.601348 0.694012
8.280467 6.350806 2.87645 0.599608 0.869506
8.255489 6.193744 1.012324 0.601348 0.694012
8.687909 8.003589 0.570631 0.600898 0.694012
8.762004 6.184112 0.997426 0.555722 0.573214
7.298491 9.151397 3.202121 0.613995 0.253089
7.252578 8.84555 3.66168 0.636705 0.904109
7.323469 9.660769 3.44149637 0.555734 0.798985
7.298491 9.151397 3.202121 0.613995 0.253089
7.333934 8.023341 3.285339 0.659363 0.349439
7.252578 8.84555 3.66168 0.636705 0.904109
7.996911 8.946429 3.43043138 0.617662 0.141819
7.855134 7.763129 3.66168 0.658792 0.349389
8.067801 9.220031 2.786832 0.583947 0.816412
7.252578 8.84555 3.66168 0.636705 0.904109
7.855134 7.763129 3.66168 0.658792 0.349389
7.996911 8.946429 3.43043138 0.617662 0.141819
7.252578 8.84555 3.66168 0.636705 0.904109
7.333934 8.023341 3.285339 0.659363 0.349439
7.323469 8.03033 3.66168 0.637223 0.904109
7.323469 8.03033 3.66168 0.637223 0.904109
7.855134 7.763129 3.66168 0.658792 0.349389
7.252578 8.84555 3.66168 0.636705 0.904109
7.323469 8.03033 3.66168 0.637223 0.904109
7.333934 8.023341 3.285339 0.659363 0.349439
7.855134 7.763129 3.66168 0.658792 0.349389
7.855134 7.763129 3.66168 0.658792 0.349389
7.333934 8.023341 3.285339 0.659363 0.349439
8.067801 9.220031 2.786832 0.583947 0.816412
1.592104 32.37299 -2.133333 0.661581 0.141819
3.0 32.20977 -0.722785 0.674425 0.570245
1.705882 32.23315 -2.450742 0.673475 0.570245
1.592104 32.37299 -2.133333 0.661581 0.141819
-1.763575 32.23315 -2.450742 0.710013 0.727226
-1.649796 32.37299 -2.133333 0.70343 0.816557
1.592104 32.37299 -2.133333 0.661581 0.141819
0.74162 30.843102 -1.613782 0.714049 0.7962
2.709751 32.371174 -0.7 0.665462 0.253089
2.709751 32.371174 -0.7 0.665462 0.253089
3.0 32.20977 -0.722785 0.674425 0.570245
1.592104 32.37299 -2.133333 0.661581 0.141819
2.709751 32.371174 -0.7 0.665462 0.253089
2.647059 31.935562 0.777215 0.676827 0.799134
3.0 32.20977 -0.722785 0.674425 0.570245
2.709751 32.371174 -0.7 0.665462 0.253089
2.297986 30.551569 -0.6 0.718764 0.144597
2.352941 32.153214 0.910548 0.670989 0.41653
2.352941 32.153214 0.910548 0.670989 0.41653
2.647059 31.935562 0.777215 0.676827 0.799134
2.709751 32.371174 -0.7 0.665462 0.253089
2.352941 32.153214 0.910548 0.670989 0.41653
2.0 30.468592 0.643882 0.727386 0.962039
1.294118 30.068592 1.610548 0.119351 0.367284
2.764706 30.870554 2.410548 0.671925 0.41653
2.647059 31.935562 0.777215 0.676827 0.799134
2.352941 32.153214 0.910548 0.670989 0.41653
1.705882 32.23315 -2.450742 0.673475 0.570245
-1.763575 32.23315 -2.450742 0.710013 0.727226
1.592104 32.37299 -2.133333 0.661581 0.141819
3.0 32.20977 -0.722785 0.674425 0.570245
2.647059 31.935562 0.777215 0.676827 0.799134
2.461538 30.545668 -0.589452 0.083176 0.691752
2.647059 31.935562 0.777215 0.676827 0.799134
3.058824 30.666632 2.077215 0.677697 0.799134
2.149957 30.459053 0.633333 0.087132 0.445139
3.058824 30.666632 2.077215 0.677697 0.799134
2.647059 31.935562 0.777215 0.676827 0.799134
2.764706 30.870554 2.410548 0.671925 0.41653
-2.767443 32.371174 -0.7 0.702709 0.816557
-2.704751 31.935562 0.777215 0.71083 0.727226
-2.410634 32.153214 0.910548 0.703623 0.709055
-2.767443 32.371174 -0.7 0.702709 0.816557
-0.8047 30.843102 -1.613782 0.714825 0.7962
-1.649796 32.37299 -2.133333 0.70343 0.816557
-2.767443 32.371174 -0.7 0.702709 0.816557
-2.355679 30.551569 -0.6 0.728306 0.962039
-0.8047 30.843102 -1.613782 0.714825 0.7962
-1.649796 32.37299 -2.133333 0.70343 0.816557
-3.057693 32.20977 -0.722785 0.707197 0.112332
-2.767443 32.371174 -0.7 0.702709 0.816557
-1.649796 32.37299 -2.133333 0.70343 0.816557
-1.763575 32.23315 -2.450742 0.710013 0.727226
-3.057693 32.20977 -0.722785 0.707197 0.112332
-1.649796 32.37299 -2.133333 0.70343 0.816557
0.74162 30.843102 -1.613782 0.714049 0.7962
1.592104 32.37299 -2.133333 0.661581 0.141819
-1.649796 32.37299 -2.133333 0.70343 0.816557
-0.8047 30.843102 -1.613782 0.714825 0.7962
0.74162 30.843102 -1.613782 0.714049 0.7962
-2.410634 32.153214 0.910548 0.703623 0.709055
-2.822398 30.870554 2.410548 0.704488 0.709055
-1.35181 30.068592 1.610548 0.1418 0.445908
-2.410634 32.153214 0.910548 0.703623 0.709055
-2.704751 31.935562 0.777215 0.71083 0.727226
-2.822398 30.870554 2.410548 0.704488 0.709055
-2.410634 32.153214 0.910548 0.703623 0.709055
-2.355679 30.551569 -0.6 0.728306 0.962039
-2.767443 32.371174 -0.7 0.702709 0.816557
-2.410634 32.153214 0.910548 0.703623 0.709055
-2.057693 30.468592 0.643882 0.734274 0.393701
-2.355679 30.551569 -0.6 0.728306 0.962039
-2.822398 30.870554 2.410548 0.704488 0.709055
-2.704751 31.935562 0.777215 0.71083 0.727226
-3.116516 30.666632 2.077215 0.711866 0.241902
-2.822398 30.870554 2.410548 0.704488 0.709055
-3.116516 30.666632 2.077215 0.711866 0.241902
-1.938419 30.071873 1.6 0.144727 0.542055
-3.057693 32.20977 -0.722785 0.707197 0.112332
-1.763575 32.23315 -2.450742 0.710013 0.727226
-2.519231 30.545668 -0.589452 0.122966 0.874795
-3.057693 32.20977 -0.722785 0.707197 0.112332
-2.704751 31.935562 0.777215 0.71083 0.727226
-2.767443 32.371174 -0.7 0.702709 0.816557
0.74162 30.843102 -1.613782 0.714049 0.7962
2.297986 30.551569 -0.6 0.718764 0.144597
2.709751 32.371174 -0.7 0.665462 0.253089
0.74162 30.843102 -1.613782 0.714049 0.7962
1.698619 30.9142 -0.006021 0.737052 0.109088
2.297986 30.551569 -0.6 0.718764 0.144597
0.74162 30.843102 -1.613782 0.714049 0.7962
0.643559 33.689472 -1.125461 0.740101 0.854643
1.144845 33.403278 -0.077318 0.734998 0.393693
0.74162 30.843102 -1.613782 0.714049 0.7962
-0.712027 33.689472 -1.125461 0.746533 0.579087
0.643559 33.689472 -1.125461 0.740101 0.854643
-0.8047 30.843102 -1.613782 0.714825 0.7962
-0.712027 33.689472 -1.125461 0.746533 0.579087
0.74162 30.843102 -1.613782 0.714049 0.7962
2.297986 30.551569 -0.6 0.718764 0.144597
2.0 30.468592 0.643882 0.727386 0.962039
2.352941 32.153214 0.910548 0.670989 0.41653
2.297986 30.551569 -0.6 0.718764 0.144597
1.698619 30.9142 -0.006021 0.737052 0.109088
2.0 30.468592 0.643882 0.727386 0.962039
2.0 30.468592 0.643882 0.727386 0.962039
-0.028846 30.526581 1.448229 0.740175 0.699349
1.294118 30.068592 1.610548 0.119351 0.367284
-2.355679 30.551569 -0.6 0.728306 0.962039
-1.7617 30.9142 -0.006021 0.740964 0.699349
-0.8047 30.843102 -1.613782 0.714825 0.7962
-2.057693 30.468592 0.643882 0.734274 0.393701
-1.7617 30.9142 -0.006021 0.740964 0.699349
-2.355679 30.551569 -0.6 0.728306 0.962039
1.144845 33.403278 -0.077318 0.734998 0.393693
1.698619 30.9142 -0.006021 0.737052 0.109088
0.74162 30.843102 -1.613782 0.714049 0.7962
1.144845 33.403278 -0.077318 0.734998 0.393693
-0.028846 30.526581 1.448229 0.740175 0.699349
1.698619 30.9142 -0.006021 0.737052 0.109088
1.144845 33.403278 -0.077318 0.734998 0.393693
-0.006495 33.249271 1.200562 0.740961 0.854643
-0.028846 30.526581 1.448229 0.740175 0.699349
1.698619 30.9142 -0.006021 0.737052 0.109088
-0.028846 30.526581 1.448229 0.740175 0.699349
2.0 30.468592 0.643882 0.727386 0.962039
0.643559 33.689472 -1.125461 0.740101 0.854643
-0.712027 33.689472 -1.125461 0.746533 0.579087
-1.149513 33.403278 -0.077318 0.745717 0.579087
-0.006495 33.249271 1.200562 0.740961 0.854643
1.144845 33.403278 -0.077318 0.734998 0.393693
-0.028846 30.526581 1.448229 0.740175 0.699349
-1.7617 30.9142 -0.006021 0.740964 0.699349
-2.057693 30.468592 0.643882 0.734274 0.393701
-0.028846 30.526581 1.448229 0.740175 0.699349
-1.149513 33.403278 -0.077318 0.745717 0.579087
-1.7617 30.9142 -0.006021 0.740964 0.699349
-0.006495 33.249271 1.200562 0.740961 0.854643
-1.149513 33.403278 -0.077318 0.745717 0.579087
-0.028846 30.526581 1.448229 0.740175 0.699349
-1.7617 30.9142 -0.006021 0.740964 0.699349
-1.149513 33.403278 -0.077318 0.745717 0.579087
-0.8047 30.843102 -1.613782 0.714825 0.7962
-1.149513 33.403278 -0.077318 0.745717 0.579087
-0.712027 33.689472 -1.125461 0.746533 0.579087
-0.8047 30.843102 -1.613782 0.714825 0.7962
